0,0,0,
0,0,0,
0,0,0,
0,0,0,
0,0,0,
0,0,0,
0,0,0,
0,0,0,
0,0,0,
0,0,0,
0,0,0,
0,0,0,
0,0,0,
0,0,0,
5.15811e-05,0,0.000385741,
5.15811e-05,0,0.000385741,
5.15811e-05,0,0.000385741,
5.15811e-05,0,0.000385741,
5.15811e-05,0,0.000385741,
5.15811e-05,0,0.000385741,
0.000154581,3.97313e-08,0.000386952,
0.000154581,3.97313e-08,0.000386952,
0.000257581,7.95875e-08,0.000388164,
0.000309162,9.96094e-08,0.000773904,
0.000360581,1.39403e-07,0.000389375,
0.000515001,1.9953e-07,6.05725e-06,
0.000669582,2.00466e-07,0.000393009,
0.000875582,2.81426e-07,0.000395432,
0.00113316,3.83282e-07,0.000783596,
0.00144216,6.25414e-07,0.00078723,
0.00180258,9.09147e-07,0.000406335,
0.00221458,1.07656e-06,0.000411181,
0.002575,1.22475e-06,3.02863e-05,
0.00303858,1.23879e-06,0.000420873,
0.00365659,1.49889e-06,0.000428142,
0.00427459,1.76349e-06,0.00043541,
0.00489259,2.03257e-06,0.000442679,
0.00571659,2.39734e-06,0.000452371,
0.00654059,2.77009e-06,0.000462062,
0.00726159,3.10324e-06,0.000470542,
0.00834317,3.61217e-06,0.000868398,
0.00927017,4.41717e-06,0.000879301,
0.0103518,5.36821e-06,0.00127716,
0.0114848,6.81523e-06,0.00129048,
0.0127723,8.47683e-06,0.00169076,
0.0141628,1.08277e-05,0.00132198,
0.0156048,1.2734e-05,0.00133894,
0.0172013,1.48717e-05,0.00174285,
0.0188493,1.77439e-05,0.00176224,
0.0205489,2.0739e-05,0.00216736,
0.0224029,2.47573e-05,0.00218917,
0.0243601,2.90419e-05,0.00298245,
0.0263685,3.50319e-05,0.00262094,
0.0286345,4.09709e-05,0.00264759,
0.0309006,4.69708e-05,0.00344452,
0.033218,5.49532e-05,0.00308664,
0.0356902,6.25838e-05,0.00388598,
0.0381623,7.21906e-05,0.00468533,
0.0408402,8.47371e-05,0.00394656,
0.0436211,9.57125e-05,0.00397926,
0.0464023,0.000106779,0.00478224,
0.0492863,0.000120571,0.00481616,
0.0521702,0.000134461,0.00485009,
0.0552602,0.000149448,0.00488643,
0.0583502,0.000164547,0.00492277,
0.0613887,0.000179505,0.00534365,
0.0645817,0.000196567,0.0053812,
0.0677746,0.000213749,0.00541876,
0.070916,0.000230772,0.00507057,
0.0741604,0.000247223,0.00472359,
0.0774049,0.000262549,0.00514689,
0.0807007,0.000279512,0.00441539,
0.0840483,0.000294293,0.00483989,
0.0872928,0.000309996,0.00526319,
0.0905888,0.000327344,0.00530196,
0.0939877,0.000345365,0.00534193,
0.0973867,0.000363522,0.00538191,
0.100734,0.000381539,0.00580642,
0.104185,0.000401574,0.00623214,
0.107635,0.000423078,0.00588759,
0.111085,0.000443392,0.00554304,
0.114484,0.000462233,0.00558301,
0.117883,0.000481209,0.00562299,
0.121334,0.000500612,0.00604871,
0.124681,0.000520859,0.00570295,
0.127977,0.000539656,0.00574171,
0.131376,0.000559172,0.00578169,
0.134775,0.000578824,0.00582167,
0.138071,0.000598011,0.00509017,
0.141367,0.000614788,0.00512893,
0.144714,0.000631957,0.00478317,
0.14801,0.000647722,0.00482194,
0.151255,0.000663367,0.00447496,
0.154447,0.000677654,0.00374225,
0.157743,0.000689988,0.00301074,
0.160988,0.000699756,0.00266377,
0.164129,0.000708124,0.00231558,
0.167219,0.000715279,0.00235193,
0.170412,0.000722789,0.00161921,
0.173605,0.000727959,0.00165677,
0.176695,0.000733078,0.00169311,
0.179836,0.000738397,0.00134492,
0.182978,0.000742622,0.000996737,
0.186119,0.000745753,0.000648552,
0.189261,0.000747791,0.00107064,
0.192402,0.000751154,0.00072245,
0.195698,0.000753535,-9.05345e-06,
0.198942,0.000753506,-0.000356028,
0.202187,0.000752351,-0.000703002,
0.205431,0.00075007,-0.00104998,
0.208573,0.000746771,-0.00139816,
0.211611,0.000742523,-0.00174756,
0.214547,0.000737393,-0.0013279,
0.217379,0.000733632,-0.00167972,
0.220212,0.000728874,-0.00126127,
0.223044,0.000725302,-0.00161309,
0.225877,0.000720733,-0.00196491,
0.228761,0.000715066,-0.00193099,
0.231747,0.000709298,-0.00266613,
0.234734,0.000701335,-0.00263099,
0.23767,0.000693611,-0.0029816,
0.240605,0.000684859,-0.00333221,
0.243541,0.000675077,-0.00291255,
0.246528,0.000666378,-0.00364769,
0.249515,0.000655482,-0.00284229,
0.252347,0.000647431,-0.00319411,
0.255386,0.000637726,-0.0035435,
0.258476,0.000626777,-0.00350716,
0.261514,0.000616121,-0.00385656,
0.264501,0.000604601,-0.00382142,
0.267591,0.000592793,-0.00378508,
0.270629,0.000581292,-0.00413448,
0.273668,0.00056873,-0.00448388,
0.276655,0.000555337,-0.00444874,
0.279642,0.000542048,-0.00364334,
0.282629,0.000531165,-0.00437848,
0.285616,0.000518087,-0.00434335,
0.288551,0.000505337,-0.00392369,
0.29159,0.000493415,-0.00427308,
0.294525,0.000480871,-0.00385342,
0.297563,0.000469163,-0.00420282,
0.300705,0.00045596,-0.004551,
0.30364,0.0004426,-0.00413134,
0.306576,0.000430472,-0.00371168,
0.309614,0.000419195,-0.00406108,
0.312756,0.000406437,-0.00440926,
0.315846,0.000392812,-0.00437292,
0.318833,0.000379751,-0.00433779,
0.321974,0.000366123,-0.00391571,
0.325064,0.000354024,-0.00387936,
0.328154,0.000342036,-0.00384302,
0.331193,0.000330359,-0.00342215,
0.334231,0.000319961,-0.00377154,
0.337424,0.000307919,-0.00373399,
0.340514,0.00029638,-0.00292737,
0.343553,0.000287485,-0.00327677,
0.346643,0.00027736,-0.00247016,
0.349733,0.000269727,-0.00320408,
0.352874,0.000259661,-0.002782,
0.355913,0.000251209,-0.0031314,
0.358951,0.000241694,-0.00271052,
0.362093,0.000233178,-0.00228844,
0.365183,0.000226107,-0.00302237,
0.368273,0.000216768,-0.00221575,
0.371311,0.000210035,-0.00256515,
0.37435,0.000202241,-0.00214428,
0.37744,0.000195615,-0.00210793,
0.380427,0.000189319,-0.0020728,
0.383465,0.00018302,-0.00165193,
0.386452,0.000178086,-0.0016168,
0.389645,0.000172924,-0.00157924,
0.392632,0.000168206,-0.00154411,
0.395722,0.000163435,-0.00150777,
0.398915,0.000158621,-0.00147021,
0.402057,0.000154002,-0.0018184,
0.405301,0.000148102,-0.0013951,
0.408443,0.000143719,-0.000973017,
0.411636,0.000140613,-0.000935462,
0.414778,0.000137674,-0.000513378,
0.417765,0.00013614,-0.000478246,
0.4207,0.000134736,-5.85841e-05,
0.423584,0.000134567,-2.46635e-05,
0.426417,0.000134498,-0.000376484,
0.429301,0.000133412,-0.000342563,
0.432133,0.000132441,7.58869e-05,
0.435017,0.00013266,0.000109808,
0.438004,0.000132988,0.00014494,
0.441094,0.000133436,0.000181283,
0.44403,0.000133968,0.000600945,
0.446965,0.000135732,0.000250336,
0.449952,0.00013648,0.00105574,
0.452991,0.000139688,0.000706341,
0.455978,0.000141798,0.000741473,
0.458965,0.000144013,0.000776605,
0.462003,0.000146372,0.00119748,
0.465093,0.000150072,0.00123382,
0.468132,0.000153821,0.000884424,
0.47117,0.000156509,0.0013053,
0.474157,0.000160407,0.000570159,
0.477299,0.000162199,0.000221973,
0.480337,0.000162873,-0.000127424,
0.483375,0.000162486,-0.000476821,
0.486363,0.000161062,-0.000441689,
0.489246,0.000159788,-0.00117804,
0.492285,0.000156208,-0.000757166,
0.495375,0.000153869,-0.000720822,
0.498362,0.000151715,8.45798e-05,
0.501349,0.000151968,0.000889982,
0.504388,0.000154672,0.000540585,
0.507478,0.000156343,0.0013472,
0.510413,0.000160297,0.00099659,
0.513452,0.000163325,0.000647192,
0.516542,0.000165325,0.000683536,
0.519683,0.000167472,0.00033535,
0.522722,0.000168491,-1.40471e-05,
0.52576,0.000168449,-0.000363444,
0.528902,0.000167307,5.864e-05,
0.532095,0.000167494,9.61949e-05,
0.535082,0.000167781,0.000131327,
0.538172,0.000168187,0.000937941,
0.54121,0.000171037,0.000588543,
0.5443,0.000172856,0.000624887,
0.547287,0.000174722,0.000660019,
0.550274,0.000176694,0.000695151,
0.553313,0.000178806,0.000345754,
0.556403,0.000179874,0.000382097,
0.559441,0.000181035,3.27001e-05,
0.562428,0.000181133,6.78322e-05,
0.565415,0.000181336,0.000102964,
0.568505,0.000181654,0.000139308,
0.571543,0.000182077,-0.000210089,
0.574582,0.000181439,0.000210783,
0.577517,0.000182057,-0.000139825,
0.580556,0.000181633,0.000281048,
0.583595,0.000182487,0.00070192,
0.586582,0.000184583,0.000737052,
0.58962,0.000186823,0.00115793,
0.592556,0.000190222,0.000807317,
0.595697,0.000192758,0.000459131,
0.598787,0.000194177,0.000495474,
0.601825,0.000195682,0.000146077,
0.605018,0.000196148,0.000183632,
0.608108,0.000196716,0.000219976,
0.611353,0.00019743,0.000643271,
0.614546,0.000199484,0.000680826,
0.617739,0.000201657,0.000718381,
0.62088,0.000203914,0.000370196,
0.62397,0.000205058,0.000406539,
0.626906,0.000206252,0.0008262,
0.629738,0.000208592,0.00047438,
0.632674,0.000209984,0.000123772,
0.635609,0.000210348,-0.000226837,
0.638493,0.000209693,-0.000963186,
0.641532,0.000206767,-0.00131258,
0.644519,0.000202846,-0.00127745,
0.647557,0.000198965,-0.00162685,
0.650595,0.000194022,-0.00197625,
0.653582,0.000188119,-0.00194111,
0.656724,0.00018202,-0.00151903,
0.659763,0.000177405,-0.00109816,
0.662904,0.000173955,-0.000676073,
0.665943,0.0001719,-0.0002552,
0.668981,0.000171125,-0.000604597,
0.672123,0.000169226,-0.000182513,
0.675264,0.000168652,-0.000530698,
0.678303,0.00016704,-0.000109826,
0.681444,0.000166695,-0.000458011,
0.684483,0.000165303,-0.000807409,
0.687624,0.000162767,-0.00115559,
0.690611,0.000159315,-0.00112046,
0.693598,0.000155968,-0.00108533,
0.696585,0.000152726,-0.0010502,
0.699572,0.000149589,-0.00101507,
0.702611,0.000146505,-0.000594193,
0.705495,0.000144791,-0.000560273,
0.708533,0.000143089,-0.0001394,
0.711469,0.00014268,-0.000490009,
0.714456,0.000141216,-0.000454876,
0.717443,0.000139857,-0.000419744,
0.720378,0.000138625,-0.000770353,
0.723468,0.000136245,-0.00073401,
0.726455,0.000134052,-0.000698877,
0.729494,0.000131929,-0.000278005,
0.732532,0.000131084,-0.000627402,
0.735622,0.000129145,-0.000591058,
0.738712,0.000127319,-0.000554715,
0.741751,0.000125633,-0.000133842,
0.744738,0.000125234,0.00067156,
0.747725,0.000127239,0.000706692,
0.750712,0.00012935,0.000741824,
0.753648,0.000131528,0.00193176,
0.75648,0.000137,0.00157994,
0.759416,0.000141638,0.0019996,
0.762403,0.000147611,0.00203473,
0.765441,0.000153793,0.00168533,
0.768479,0.000158914,0.00133593,
0.771569,0.000163042,0.00137228,
0.774762,0.000167423,0.00140983,
0.777852,0.00017178,0.000675907,
0.780942,0.000173868,0.00071225,
0.783981,0.000176032,0.000362853,
0.787071,0.000177153,0.000399196,
0.790161,0.000178387,0.00043554,
0.793096,0.000179666,0.000855201,
0.796186,0.000182308,0.000121275,
0.799225,0.000182676,-0.000228122,
0.802366,0.00018196,0.000193962,
0.805456,0.000182559,0.000230305,
0.808546,0.000183271,0.000266649,
0.811791,0.000184136,0.000689945,
0.815087,0.00018641,0.000728711,
0.818331,0.000188774,0.000381737,
0.821576,0.000190013,3.47625e-05,
0.82482,0.000190126,0.000458058,
0.828013,0.000191588,0.000495613,
0.831052,0.000193094,0.000916486,
0.833936,0.000195737,0.000950407,
0.83682,0.000198478,0.000984327,
0.839704,0.000201317,0.00101825,
0.842639,0.000204306,0.000667639,
0.845523,0.000206231,0.00070156,
0.84851,0.000208327,0.000736692,
0.8516,0.000210603,2.76537e-06,
0.854638,0.000210612,-0.000346632,
0.857677,0.000209558,7.4241e-05,
0.860664,0.00020978,0.000109373,
0.863703,0.000210113,0.000530246,
0.866793,0.000211751,0.000566589,
0.869728,0.000213414,0.000215981,
0.872715,0.000214059,0.000251113,
0.875702,0.000214809,0.000286245,
0.878843,0.000215709,-6.19409e-05,
0.88183,0.000215524,-2.68088e-05,
0.884869,0.000215442,-0.000376206,
0.887959,0.00021428,-0.000339863,
0.890997,0.000213247,8.10103e-05,
0.893984,0.000213489,0.000116142,
0.896868,0.000213824,0.000150063,
0.899855,0.000214272,0.000185195,
0.902791,0.000214816,-0.000165414,
0.905778,0.000214322,-0.000130282,
0.908765,0.000213932,-9.51494e-05,
0.9117,0.000213653,-0.000445758,
0.914739,0.000212299,-2.48853e-05,
0.917726,0.000212224,1.02468e-05,
0.920765,0.000212256,0.00043112,
0.9237,0.000213521,8.05109e-05,
0.926687,0.000213762,0.000115643,
0.929777,0.000214119,0.000151987,
0.932815,0.000214581,-0.000197411,
0.935751,0.000214001,0.000222251,
0.938687,0.000214654,0.000641912,
0.941725,0.000216604,0.000292515,
0.94466,0.000217463,-5.80938e-05,
0.947544,0.000217295,-2.41732e-05,
0.950325,0.000217228,8.53598e-06,
0.953055,0.000217251,-0.000344496,
0.955836,0.000216293,-0.000311786,
0.958514,0.000215458,-0.00105056,
0.96114,0.000212699,-0.000634532,
0.963664,0.000211098,-0.000989986,
0.966187,0.000208599,-0.00134544,
0.968711,0.000205204,-0.0017009,
0.97108,0.000201175,-0.00167303,
0.973449,0.000197212,-0.00164517,
0.975766,0.000193399,-0.00123278,
0.977981,0.000190669,-0.000821595,
0.980144,0.000188892,-0.000796154,
0.982255,0.000187211,-0.00115645,
0.984315,0.000184828,-0.00113223,
0.986221,0.000182671,-0.000724678,
0.988126,0.00018129,-0.0010874,
0.98998,0.000179274,-0.0010656,
0.991628,0.000177518,-0.00104621,
0.993276,0.000175794,-0.00102683,
0.994873,0.000174154,-0.00139319,
0.996366,0.000172073,-0.000990486,
0.997757,0.000170696,-0.000588996,
0.999044,0.000169938,-0.000188718,
1.00028,0.000169704,-0.00017418,
1.00141,0.000169507,-0.000160854,
1.00239,0.00016935,0.000235789,
1.00337,0.00016958,-0.000137837,
1.00419,0.000169467,-0.000898415,
1.00497,0.000168773,-0.00127446,
1.00564,0.00016792,-0.00165173,
1.0061,0.000167154,-0.00126114,
1.00667,0.000166439,-0.00086934,
1.00713,0.000166037,-0.00124902,
1.00734,0.000165779,-0.0012466,
1.00754,0.000165523,-0.00124418,
1.00775,0.000165266,-0.00124176,
1.00785,0.000165139,-0.00201081,
1.00785,0.000165139,-0.00201081,
1.00785,0.000165139,-0.00201081,
1.0079,0.000165035,-0.00239534,
1.0079,0.000165035,-0.00239534,
1.00785,0.000165159,-0.00278108,
1.00785,0.000165159,-0.00355135,
1.0078,0.000165342,-0.00393709,
1.0078,0.000165343,-0.00470736,
1.0078,0.000165344,-0.00547763,
1.0078,0.000165345,-0.0062479,
1.00785,0.000165023,-0.00663243,
1.0079,0.000164683,-0.00778723,
1.008,0.000163883,-0.00855629,
1.008,0.000163885,-0.0100968,
1.00811,0.000162847,-0.0108659,
1.00821,0.000161731,-0.0124052,
1.00826,0.000161098,-0.0143303,
1.00852,0.000157416,-0.0170232,
1.00862,0.000155671,-0.0193328,
1.00872,0.000153692,-0.0224127,
1.00882,0.000151402,-0.0262628,
1.00898,0.000147368,-0.0304975,
1.00908,0.000144252,-0.0343476,
1.00918,0.000140754,-0.0397383,
1.00939,0.000132621,-0.045898,
1.00949,0.000127955,-0.052059,
1.00974,0.000114628,-0.0586033,
1.0099,0.000105669,-0.065919,
1.01005,9.56036e-05,-0.074005,
1.01025,8.04922e-05,-0.0817053,
1.0104,6.80481e-05,-0.0913319,
1.01056,5.41416e-05,-0.100958,
1.01066,4.39727e-05,-0.110971,
1.01081,2.71051e-05,-0.121368,
1.01101,2.45889e-06,-0.132919,
1.01116,-1.7684e-05,-0.144857,
1.01131,-3.96237e-05,-0.156794,
1.01146,-6.33319e-05,-0.169502,
1.01151,-7.15686e-05,-0.18221,
1.01156,-8.03575e-05,-0.19646,
1.01171,-0.000109962,-0.209938,
1.0118,-0.000130786,-0.224572,
1.0119,-0.000153002,-0.239976,
1.0121,-0.000201193,-0.255379,
1.01219,-0.000226394,-0.270783,
1.01234,-0.000266746,-0.288112,
1.01253,-0.000324267,-0.305056,
1.01263,-0.000354035,-0.323541,
1.01287,-0.00043469,-0.341639,
1.01286,-0.000433333,-0.360896,
1.01305,-0.000504645,-0.38015,
1.01314,-0.000541241,-0.400946,
1.01333,-0.000619934,-0.421741,
1.01337,-0.000639192,-0.442923,
1.01356,-0.000725536,-0.464488,
1.0136,-0.000746465,-0.487211,
1.01378,-0.000840708,-0.509546,
1.01391,-0.00091366,-0.533038,
1.01412,-0.00104208,-0.555757,
1.01416,-0.00106656,-0.58002,
1.01433,-0.0011767,-0.603896,
1.01445,-0.00126154,-0.628158,
1.01449,-0.00128881,-0.652421,
1.01465,-0.00141072,-0.677067,
1.01473,-0.00147201,-0.701715,
1.01484,-0.00156845,-0.725976,
1.01491,-0.00163349,-0.749853,
1.01502,-0.0017352,-0.774885,
1.01517,-0.0018757,-0.799532,
1.01527,-0.00198282,-0.823793,
1.01541,-0.00213028,-0.847669,
1.01554,-0.00228084,-0.872315,
1.01564,-0.00239513,-0.897347,
1.01573,-0.00251204,-0.920839,
1.01579,-0.00258991,-0.945486,
1.01588,-0.00271104,-0.969748,
1.01596,-0.00283425,-0.99401,
1.01601,-0.00291638,-1.01789,
1.01601,-0.00291224,-1.04099,
1.01601,-0.00290777,-1.06564,
1.01606,-0.00299351,-1.08952,
1.01605,-0.0029892,-1.11263,
1.01608,-0.00303096,-1.13612,
1.01609,-0.00307334,-1.15884,
1.01611,-0.003116,-1.18234,
1.01611,-0.00311165,-1.20467,
1.01609,-0.00305926,-1.22663,
1.01609,-0.00305483,-1.24897,
1.01614,-0.00319718,-1.27015,
1.01611,-0.00309446,-1.29171,
1.0161,-0.00309042,-1.31174,
1.01609,-0.00303648,-1.33215,
1.01609,-0.00303255,-1.35141,
1.01608,-0.00297825,-1.37105,
1.01606,-0.00287349,-1.38954,
1.01606,-0.00286982,-1.40726,
1.01605,-0.00286615,-1.42497,
1.01605,-0.00281175,-1.44154,
1.01605,-0.00280837,-1.45771,
1.01604,-0.00275406,-1.47273,
1.01604,-0.002751,-1.48737,
1.01604,-0.0027481,-1.50123,
1.01604,-0.00269405,-1.51394,
1.01604,-0.00269147,-1.52627,
1.01604,-0.00279194,-1.53782,
1.01604,-0.00284106,-1.54899,
1.01604,-0.00273598,-1.559,
1.01604,-0.00288844,-1.56863,
1.01604,-0.0028865,-1.57787,
1.01604,-0.00288488,-1.58557,
1.01604,-0.00272902,-1.59212,
1.01604,-0.00277913,-1.59867,
1.01605,-0.00257208,-1.60406,
1.01605,-0.00241661,-1.60907,
1.01606,-0.00236394,-1.61485,
1.01606,-0.00226006,-1.61947,
1.01607,-0.00210502,-1.62294,
1.01608,-0.00195016,-1.62564,
1.01608,-0.00189834,-1.62757,
1.01608,-0.00189785,-1.62988,
1.01608,-0.0018462,-1.63103,
1.01608,-0.00179455,-1.63219,
1.01608,-0.00179439,-1.63296,
1.01608,-0.00179422,-1.63373,
1.01608,-0.00179422,-1.63373,
1.01608,-0.00179406,-1.6345,
1.01608,-0.00184554,-1.63411,
1.01608,-0.00194833,-1.63411,
1.01607,-0.00199981,-1.63373,
1.01607,-0.00210261,-1.63373,
1.01606,-0.0022054,-1.63372,
1.01606,-0.00225672,-1.63411,
1.01605,-0.00241083,-1.63449,
1.01604,-0.00256494,-1.63488,
1.01602,-0.00277035,-1.63564,
1.01601,-0.00297576,-1.63641,
1.016,-0.00318115,-1.63718,
1.01598,-0.00338654,-1.63795,
1.01597,-0.00359191,-1.63871,
1.01594,-0.00405443,-1.63832,
1.01591,-0.00446533,-1.63909,
1.01588,-0.00487637,-1.63908,
1.01585,-0.00539017,-1.63908,
1.01581,-0.00590413,-1.6383,
1.01577,-0.00652072,-1.6383,
1.01573,-0.00713731,-1.63829,
1.01568,-0.00785684,-1.63751,
1.01562,-0.00873047,-1.63711,
1.01557,-0.00955266,-1.6371,
1.0155,-0.0105294,-1.63517,
1.01543,-0.0115571,-1.63592,
1.01536,-0.012688,-1.63437,
1.01529,-0.0138189,-1.63359,
1.0152,-0.0152066,-1.63396,
1.01512,-0.0165431,-1.63317,
1.01502,-0.0180339,-1.632,
1.01493,-0.0196274,-1.63236,
1.01483,-0.0212211,-1.63119,
1.01472,-0.0230719,-1.6304,
1.01461,-0.0249226,-1.63038,
1.01449,-0.0268763,-1.62958,
1.01436,-0.0290357,-1.62879,
1.01424,-0.0310922,-1.62876,
1.01411,-0.0333546,-1.62797,
1.01399,-0.0355654,-1.62832,
1.01385,-0.037879,-1.62868,
1.01371,-0.0402955,-1.62827,
1.01358,-0.0426604,-1.62901,
1.01343,-0.0452311,-1.62898,
1.01328,-0.0478017,-1.62895,
1.01312,-0.0504237,-1.6293,
1.01297,-0.053097,-1.63004,
1.01279,-0.0560272,-1.63039,
1.01262,-0.0588545,-1.63152,
1.01244,-0.061836,-1.63148,
1.01227,-0.0647145,-1.63222,
1.01208,-0.0677985,-1.63295,
1.01189,-0.0708826,-1.63292,
1.01169,-0.0739666,-1.63288,
1.0115,-0.077102,-1.63323,
1.01131,-0.080186,-1.63319,
1.0111,-0.0834756,-1.63315,
1.0109,-0.0866624,-1.63311,
1.01071,-0.0897462,-1.63385,
1.0105,-0.0930357,-1.63381,
1.0103,-0.0962736,-1.63416,
1.01009,-0.0995115,-1.6345,
1.00989,-0.102698,-1.63447,
1.00968,-0.105936,-1.63481,
1.00947,-0.109328,-1.63554,
1.00926,-0.112565,-1.63589,
1.00904,-0.115803,-1.63624,
1.00883,-0.119092,-1.6362,
1.00861,-0.122484,-1.63616,
1.0084,-0.125721,-1.63574,
1.00818,-0.128959,-1.63531,
1.00798,-0.132197,-1.63566,
1.00776,-0.135589,-1.63562,
1.00754,-0.138878,-1.63558,
1.00733,-0.142064,-1.63554,
1.00712,-0.145353,-1.63627,
1.00691,-0.14859,-1.63662,
1.00669,-0.151879,-1.63658,
1.00649,-0.155014,-1.63693,
1.00628,-0.158148,-1.63728,
1.00606,-0.161386,-1.63686,
1.00586,-0.164521,-1.63643,
1.00566,-0.167552,-1.63678,
1.00544,-0.17079,-1.63636,
1.00523,-0.174027,-1.63671,
1.00503,-0.177111,-1.63667,
1.00482,-0.180194,-1.63586,
1.00462,-0.183329,-1.63544,
1.00441,-0.186618,-1.6354,
1.00421,-0.189651,-1.63498,
1.004,-0.192837,-1.63494,
1.0038,-0.196075,-1.63452,
1.0036,-0.19921,-1.6341,
1.00339,-0.202397,-1.63406,
1.00319,-0.205583,-1.63402,
1.00299,-0.208719,-1.6336,
1.0028,-0.211854,-1.63318,
1.0026,-0.214938,-1.63314,
1.00242,-0.217919,-1.63234,
1.00223,-0.220952,-1.63192,
1.00205,-0.223985,-1.6315,
1.00186,-0.227121,-1.6303,
1.00167,-0.230154,-1.62911,
1.00149,-0.233342,-1.6283,
1.0013,-0.23653,-1.6275,
1.00113,-0.239615,-1.62669,
1.00096,-0.242649,-1.62627,
1.0008,-0.24558,-1.62585,
1.00063,-0.248563,-1.62581,
1.00047,-0.251494,-1.62539,
1.00031,-0.254476,-1.62536,
1.00015,-0.257459,-1.62455,
0.999982,-0.260493,-1.62413,
0.999815,-0.26363,-1.62371,
0.999649,-0.266768,-1.62329,
0.999489,-0.269802,-1.62287,
0.999328,-0.272888,-1.62129,
0.999172,-0.275974,-1.62126,
0.999019,-0.279009,-1.62083,
0.998867,-0.282044,-1.61964,
0.998721,-0.285027,-1.61884,
0.998578,-0.288011,-1.6188,
0.998432,-0.291046,-1.61761,
0.998295,-0.293979,-1.61719,
0.998158,-0.296911,-1.61677,
0.998021,-0.299895,-1.61597,
0.997889,-0.302828,-1.61555,
0.997755,-0.305812,-1.61551,
0.997626,-0.308693,-1.61471,
0.997497,-0.311626,-1.61429,
0.997367,-0.31461,-1.61348,
0.99724,-0.317594,-1.61345,
0.997112,-0.320579,-1.61264,
0.996987,-0.323563,-1.61261,
0.99686,-0.326599,-1.61142,
0.996737,-0.329635,-1.61099,
0.996619,-0.332568,-1.61058,
0.9965,-0.335553,-1.60977,
0.996384,-0.338538,-1.60896,
0.996266,-0.341626,-1.60816,
0.996154,-0.344611,-1.60812,
0.996043,-0.347596,-1.60732,
0.995932,-0.350633,-1.6069,
0.99582,-0.353721,-1.60686,
0.995709,-0.356809,-1.60605,
0.995602,-0.359846,-1.60563,
0.995494,-0.362934,-1.60483,
0.995391,-0.365971,-1.60363,
0.995291,-0.369008,-1.60398,
0.995189,-0.372096,-1.60318,
0.995089,-0.375185,-1.60237,
0.994993,-0.378222,-1.60195,
0.994895,-0.381362,-1.60153,
0.994801,-0.384399,-1.60111,
0.994708,-0.387488,-1.6003,
0.994617,-0.390576,-1.59949,
0.994528,-0.393665,-1.59869,
0.994439,-0.396857,-1.59788,
0.994357,-0.399895,-1.59746,
0.994273,-0.403035,-1.59627,
0.994194,-0.406124,-1.59623,
0.994113,-0.409316,-1.59619,
0.994032,-0.412508,-1.59538,
0.993955,-0.415649,-1.59496,
0.993879,-0.41879,-1.59454,
0.993804,-0.42193,-1.59412,
0.993732,-0.42502,-1.59331,
0.993664,-0.428058,-1.59212,
0.9936,-0.431044,-1.59132,
0.993537,-0.434134,-1.59051,
0.993475,-0.437275,-1.59009,
0.993417,-0.440261,-1.58928,
0.993362,-0.443248,-1.58848,
0.993308,-0.446286,-1.58883,
0.993254,-0.449273,-1.58802,
0.993204,-0.452208,-1.5876,
0.993155,-0.455091,-1.58757,
0.993105,-0.458078,-1.58676,
0.993057,-0.461065,-1.58596,
0.993011,-0.464103,-1.58553,
0.992967,-0.46709,-1.58473,
0.992926,-0.470025,-1.58431,
0.992885,-0.473115,-1.5835,
0.992845,-0.476205,-1.5827,
0.992809,-0.479243,-1.58228,
0.992775,-0.48223,-1.58147,
0.992743,-0.485269,-1.58182,
0.992709,-0.488307,-1.58063,
0.99268,-0.491243,-1.58021,
0.992653,-0.494178,-1.57979,
0.992626,-0.497165,-1.57975,
0.992599,-0.500152,-1.57972,
0.992573,-0.503087,-1.5793,
0.992548,-0.506023,-1.57888,
0.992524,-0.508959,-1.57769,
0.992504,-0.511945,-1.57765,
0.992483,-0.514881,-1.57723,
0.992464,-0.517971,-1.57643,
0.992447,-0.520907,-1.57601,
0.992431,-0.523997,-1.5752,
0.992417,-0.527035,-1.57478,
0.992405,-0.530125,-1.57397,
0.992396,-0.533164,-1.57355,
0.992387,-0.536151,-1.57352,
0.992379,-0.539344,-1.57271,
0.992373,-0.542383,-1.57229,
0.992368,-0.54537,-1.57148,
0.992366,-0.548511,-1.57106,
0.992365,-0.551498,-1.57103,
0.992365,-0.55464,-1.56983,
0.992368,-0.557782,-1.56941,
0.992372,-0.56082,-1.56899,
0.992377,-0.563911,-1.56818,
0.992386,-0.567052,-1.56853,
0.992393,-0.570091,-1.56811,
0.992401,-0.573181,-1.56731,
0.992411,-0.576219,-1.56765,
0.992421,-0.579361,-1.56723,
0.992432,-0.582348,-1.5672,
0.992443,-0.585438,-1.56639,
0.992456,-0.588476,-1.56597,
0.992471,-0.591566,-1.56593,
0.992486,-0.594656,-1.56513,
0.992503,-0.597592,-1.56471,
0.992522,-0.600682,-1.56467,
0.99254,-0.60372,-1.56425,
0.992561,-0.60681,-1.56421,
0.992581,-0.609849,-1.56379,
0.992602,-0.612939,-1.56376,
0.992624,-0.616029,-1.56372,
0.992646,-0.61917,-1.5633,
0.992669,-0.62226,-1.56326,
0.992693,-0.625402,-1.56284,
0.992718,-0.628543,-1.56242,
0.992744,-0.631633,-1.56238,
0.99277,-0.634672,-1.56196,
0.992796,-0.637659,-1.56116,
0.992825,-0.640697,-1.56073,
0.992855,-0.643684,-1.5607,
0.992885,-0.646671,-1.56066,
0.992915,-0.649555,-1.56063,
0.992944,-0.652438,-1.5606,
0.992973,-0.655322,-1.56056,
0.993003,-0.658258,-1.56091,
0.993033,-0.661244,-1.56088,
0.993062,-0.66418,-1.56123,
0.99309,-0.667115,-1.56081,
0.993121,-0.670153,-1.56116,
0.993149,-0.67314,-1.56112,
0.993178,-0.676076,-1.5607,
0.993209,-0.679166,-1.56067,
0.99324,-0.682255,-1.56063,
0.993272,-0.685345,-1.56059,
0.993302,-0.688332,-1.56056,
0.993333,-0.691371,-1.56014,
0.993366,-0.694409,-1.56049,
0.993397,-0.697447,-1.56084,
0.993426,-0.700382,-1.56042,
0.993457,-0.703369,-1.56038,
0.993488,-0.706305,-1.56073,
0.993518,-0.709291,-1.5607,
0.993548,-0.712278,-1.56066,
0.993578,-0.715214,-1.56101,
0.993607,-0.718252,-1.56059,
0.993638,-0.72129,-1.56094,
0.993668,-0.724329,-1.56129,
0.993696,-0.727264,-1.56087,
0.993727,-0.730354,-1.56084,
0.993757,-0.733392,-1.56118,
0.993787,-0.736482,-1.56115,
0.993816,-0.73952,-1.5615,
0.993844,-0.742559,-1.56185,
0.993872,-0.745648,-1.56181,
0.9939,-0.74879,-1.56216,
0.993926,-0.751777,-1.56212,
0.993953,-0.754815,-1.5617,
0.993981,-0.757956,-1.56205,
0.994008,-0.761046,-1.56278,
0.994032,-0.764085,-1.56236,
0.994058,-0.767072,-1.56233,
0.994084,-0.770161,-1.56306,
0.994107,-0.7732,-1.56341,
0.99413,-0.776289,-1.56338,
0.994152,-0.779276,-1.56411,
0.994173,-0.782315,-1.56369,
0.994194,-0.785353,-1.56404,
0.994215,-0.788391,-1.56439,
0.994234,-0.79143,-1.56397,
0.994255,-0.794468,-1.56432,
0.994275,-0.797507,-1.56467,
0.994293,-0.800545,-1.56502,
0.99431,-0.80348,-1.56537,
0.994327,-0.80657,-1.56533,
0.994344,-0.80966,-1.56606,
0.994358,-0.812647,-1.56603,
0.994372,-0.815583,-1.56638,
0.994386,-0.818672,-1.56711,
0.994397,-0.821814,-1.56746,
0.994407,-0.824903,-1.56897,
0.994413,-0.827993,-1.56893,
0.994419,-0.831032,-1.56928,
0.994424,-0.834173,-1.56963,
0.994427,-0.837315,-1.56998,
0.99443,-0.840302,-1.56994,
0.994432,-0.84334,-1.57029,
0.994434,-0.846327,-1.57025,
0.994435,-0.849366,-1.5706,
0.994436,-0.852353,-1.57057,
0.994437,-0.855236,-1.57131,
0.994435,-0.85812,-1.57204,
0.994432,-0.861056,-1.57239,
0.994427,-0.86394,-1.57236,
0.994422,-0.866875,-1.57271,
0.994417,-0.86981,-1.57306,
0.99441,-0.8729,-1.57302,
0.994403,-0.875939,-1.57414,
0.994393,-0.878977,-1.57372,
0.994384,-0.881913,-1.57407,
0.994374,-0.885054,-1.57442,
0.994363,-0.888196,-1.57477,
0.994351,-0.891182,-1.57473,
0.994339,-0.894272,-1.5747,
0.994326,-0.897414,-1.57505,
0.994313,-0.900555,-1.57539,
0.994299,-0.903645,-1.57536,
0.994285,-0.906684,-1.57571,
0.99427,-0.909722,-1.57606,
0.994254,-0.91276,-1.57641,
0.994237,-0.915799,-1.57676,
0.994219,-0.918734,-1.57634,
0.994203,-0.921773,-1.57669,
0.994185,-0.924811,-1.57703,
0.994166,-0.927849,-1.57738,
0.994146,-0.930836,-1.57735,
0.994126,-0.933875,-1.5777,
0.994105,-0.936964,-1.57843,
0.994082,-0.940003,-1.57878,
0.994057,-0.943041,-1.57836,
0.994034,-0.946131,-1.57832,
0.994011,-0.94917,-1.57867,
0.993986,-0.952311,-1.57902,
0.993961,-0.955349,-1.5786,
0.993938,-0.958388,-1.57895,
0.993912,-0.961478,-1.57891,
0.993887,-0.964619,-1.57926,
0.993861,-0.967657,-1.57961,
0.993834,-0.970747,-1.57958,
0.993807,-0.973837,-1.57954,
0.99378,-0.976875,-1.57989,
0.993752,-0.979965,-1.58062,
0.993722,-0.983055,-1.57982,
0.993695,-0.986042,-1.58055,
0.993664,-0.989183,-1.5809,
0.993633,-0.992273,-1.58086,
0.993603,-0.99526,-1.58083,
0.993573,-0.998298,-1.58118,
0.99354,-1.00139,-1.58114,
0.993507,-1.00458,-1.5811,
0.993477,-1.00752,-1.58068,
0.993448,-1.0105,-1.58065,
0.993417,-1.01359,-1.58138,
0.993388,-1.01637,-1.58135,
0.993362,-1.01879,-1.58248,
0.993337,-1.02096,-1.58245,
0.993311,-1.02322,-1.58088,
0.99329,-1.02528,-1.58163,
0.99327,-1.02714,-1.58161,
0.993251,-1.02889,-1.58082,
0.993235,-1.03048,-1.58118,
0.993219,-1.03198,-1.58155,
0.993205,-1.03332,-1.58154,
0.993192,-1.03455,-1.58229,
0.993181,-1.03548,-1.58228,
0.993172,-1.03625,-1.58343,
0.993164,-1.03687,-1.58496,
0.993158,-1.03728,-1.58495,
0.993153,-1.03769,-1.58495,
0.993148,-1.038,-1.58649,
0.993147,-1.0381,-1.58649,
0.993144,-1.03826,-1.58687,
0.993143,-1.03831,-1.58725,
0.993144,-1.03826,-1.58764,
0.993146,-1.03816,-1.58764,
0.993148,-1.03805,-1.58841,
0.993149,-1.03795,-1.58918,
0.99315,-1.0379,-1.59034,
0.993153,-1.03774,-1.5915,
0.993157,-1.03759,-1.59419,
0.99316,-1.03743,-1.59612,
0.993163,-1.03733,-1.59843,
0.993164,-1.03728,-1.60113,
0.993169,-1.03712,-1.6046,
0.993173,-1.03702,-1.60845,
0.993175,-1.03697,-1.61192,
0.993177,-1.03691,-1.61693,
0.993186,-1.03671,-1.62232,
0.993189,-1.03665,-1.62733,
0.993195,-1.03655,-1.63349,
0.993205,-1.03639,-1.64158,
0.993212,-1.03629,-1.64774,
0.99322,-1.03619,-1.65622,
0.993229,-1.03608,-1.66469,
0.993248,-1.03587,-1.67394,
0.993249,-1.03587,-1.68472,
0.993261,-1.03577,-1.69474,
0.993274,-1.03566,-1.70552,
0.993274,-1.03566,-1.71785,
0.993282,-1.03561,-1.72901,
0.99329,-1.03555,-1.7425,
0.9933,-1.0355,-1.75598,
0.993291,-1.03555,-1.76945,
0.993281,-1.0356,-1.78447,
0.993271,-1.03564,-1.80026,
0.993225,-1.03584,-1.8149,
0.993226,-1.03584,-1.83107,
0.993174,-1.03603,-1.84802,
0.993132,-1.03618,-1.86535,
0.993104,-1.03627,-1.88383,
0.993025,-1.03651,-1.90193,
0.993027,-1.03651,-1.92119,
0.992922,-1.0368,-1.94044,
0.992868,-1.03694,-1.96085,
0.992791,-1.03712,-1.98087,
0.992731,-1.03726,-2.00205,
0.992647,-1.03744,-2.02362,
0.992559,-1.03762,-2.04518,
0.992443,-1.03785,-2.0679,
0.992372,-1.03798,-2.09063,
0.992272,-1.03816,-2.11296,
0.992221,-1.03824,-2.13607,
0.992141,-1.03837,-2.15956,
0.992058,-1.03849,-2.18305,
0.992002,-1.03857,-2.20616,
0.991944,-1.03865,-2.23003,
0.991852,-1.03877,-2.2543,
0.991725,-1.03892,-2.27817,
0.991695,-1.03896,-2.30167,
0.99163,-1.03903,-2.32554,
0.991492,-1.03918,-2.35019,
0.991423,-1.03925,-2.37484,
0.991316,-1.03935,-2.39833,
0.991206,-1.03945,-2.42259,
0.991054,-1.03958,-2.44724,
0.99094,-1.03968,-2.47073,
0.990903,-1.03971,-2.49499,
0.990784,-1.0398,-2.51848,
0.990663,-1.03989,-2.54274,
0.990539,-1.03997,-2.56623,
0.990543,-1.03997,-2.58934,
0.990504,-1.03999,-2.61361,
0.990419,-1.04004,-2.63671,
0.990423,-1.04004,-2.66059,
0.990382,-1.04006,-2.68408,
0.99034,-1.04008,-2.70758,
0.990345,-1.04008,-2.73068,
0.990302,-1.0401,-2.75341,
0.990354,-1.04008,-2.77536,
0.990358,-1.04008,-2.79693,
0.990314,-1.04009,-2.81888,
0.990269,-1.04011,-2.84006,
0.990322,-1.04009,-2.86047,
0.990425,-1.04006,-2.8805,
0.99038,-1.04007,-2.90091,
0.990384,-1.04007,-2.92094,
0.990438,-1.04006,-2.93981,
0.990492,-1.04005,-2.95868,
0.990496,-1.04005,-2.97717,
0.9905,-1.04005,-2.99489,
0.990504,-1.04005,-3.0126,
0.990456,-1.04005,-3.02916,
0.990562,-1.04004,-3.04534,
0.990514,-1.04005,-3.06036,
0.990516,-1.04004,-3.07423,
0.990622,-1.04004,-3.08809,
0.990573,-1.04004,-3.1008,
0.99073,-1.04003,-3.11274,
0.990784,-1.04003,-3.12391,
0.990838,-1.04003,-3.13431,
0.99084,-1.04003,-3.14355,
0.991048,-1.04003,-3.15203,
0.990895,-1.04003,-3.16011,
0.990999,-1.04003,-3.16705,
0.991155,-1.04004,-3.17206,
0.991362,-1.04004,-3.17745,
0.991517,-1.04005,-3.18169,
0.991775,-1.04006,-3.18593,
0.991879,-1.04006,-3.18978,
0.991983,-1.04007,-3.19363,
0.992137,-1.04008,-3.19633,
0.992241,-1.04008,-3.19787,
0.992241,-1.04008,-3.19941,
0.992344,-1.04009,-3.20019,
0.992447,-1.04009,-3.20096,
0.992498,-1.0401,-3.20134,
0.992498,-1.0401,-3.20134,
0.99255,-1.0401,-3.20096,
0.99255,-1.0401,-3.20096,
0.992498,-1.0401,-3.20134,
0.992396,-1.04009,-3.20134,
0.992344,-1.04009,-3.20173,
0.992241,-1.04008,-3.20172,
0.99219,-1.04008,-3.20211,
0.992087,-1.04007,-3.20211,
0.991933,-1.04006,-3.20249,
0.991779,-1.04005,-3.20287,
0.991625,-1.04004,-3.20326,
0.991419,-1.04003,-3.20403,
0.991265,-1.04002,-3.20441,
0.991008,-1.04001,-3.20479,
0.990649,-1.03998,-3.20594,
0.990238,-1.03996,-3.20594,
0.989827,-1.03993,-3.2067,
0.989416,-1.0399,-3.20747,
0.988851,-1.03987,-3.20785,
0.988131,-1.03982,-3.20784,
0.987617,-1.03978,-3.2086,
0.987052,-1.03975,-3.20898,
0.986076,-1.03968,-3.20936,
0.985305,-1.03963,-3.20896,
0.984432,-1.03957,-3.20934,
0.983301,-1.03949,-3.20855,
0.982222,-1.03942,-3.20815,
0.980938,-1.03933,-3.21006,
0.979756,-1.03925,-3.20967,
0.978369,-1.03916,-3.20926,
0.976776,-1.03905,-3.2104,
0.975338,-1.03895,-3.21038,
0.973642,-1.03883,-3.20998,
0.971895,-1.03871,-3.21073,
0.970148,-1.03859,-3.21071,
0.968196,-1.03846,-3.21068,
0.966141,-1.03832,-3.21143,
0.964086,-1.03817,-3.21218,
0.96198,-1.03802,-3.21177,
0.959771,-1.03787,-3.2129,
0.957614,-1.03771,-3.21441,
0.955251,-1.03754,-3.21515,
0.952941,-1.03737,-3.21705,
0.950476,-1.03719,-3.21779,
0.94796,-1.03699,-3.21892,
0.945393,-1.03679,-3.22043,
0.942672,-1.03658,-3.22232,
0.939952,-1.03636,-3.22345,
0.93718,-1.03613,-3.22418,
0.934358,-1.0359,-3.22531,
0.931587,-1.03567,-3.22604,
0.928611,-1.03541,-3.22755,
0.925635,-1.03516,-3.22751,
0.92271,-1.03491,-3.22786,
0.919632,-1.03464,-3.2286,
0.916451,-1.03436,-3.22933,
0.913373,-1.03409,-3.23006,
0.910192,-1.03381,-3.23003,
0.907012,-1.03353,-3.23076,
0.903883,-1.03325,-3.23188,
0.900601,-1.03295,-3.23261,
0.897421,-1.03266,-3.23257,
0.894241,-1.03237,-3.23253,
0.890959,-1.03207,-3.23404,
0.887729,-1.03177,-3.23438,
0.884498,-1.03147,-3.23473,
0.881217,-1.03116,-3.23546,
0.877833,-1.03085,-3.23619,
0.874552,-1.03053,-3.23692,
0.871322,-1.03023,-3.23727,
0.86799,-1.02991,-3.23762,
0.864607,-1.02958,-3.23835,
0.861377,-1.02927,-3.23869,
0.858148,-1.02895,-3.23827,
0.854868,-1.02863,-3.23823,
0.851536,-1.02831,-3.23858,
0.848307,-1.028,-3.23892,
0.845129,-1.02769,-3.23889,
0.8419,-1.02737,-3.23923,
0.838671,-1.02705,-3.23958,
0.835544,-1.02675,-3.23916,
0.83252,-1.02645,-3.23874,
0.829445,-1.02615,-3.2387,
0.826267,-1.02584,-3.23943,
0.823191,-1.02554,-3.2394,
0.820116,-1.02524,-3.23936,
0.816938,-1.02493,-3.23932,
0.813863,-1.02463,-3.23929,
0.810737,-1.02432,-3.23964,
0.80761,-1.02401,-3.23921,
0.804432,-1.0237,-3.23918,
0.801306,-1.02339,-3.23952,
0.798282,-1.0231,-3.2391,
0.795309,-1.02281,-3.2383,
0.792336,-1.02252,-3.23826,
0.789312,-1.02222,-3.23784,
0.786338,-1.02194,-3.23781,
0.783314,-1.02165,-3.23739,
0.780289,-1.02135,-3.23697,
0.777162,-1.02106,-3.23654,
0.774086,-1.02076,-3.23651,
0.770958,-1.02046,-3.23608,
0.767933,-1.02018,-3.23566,
0.764806,-1.01988,-3.23524,
0.761678,-1.01959,-3.23482,
0.758652,-1.01931,-3.2344,
0.755576,-1.01902,-3.23359,
0.752499,-1.01874,-3.23356,
0.749473,-1.01846,-3.23391,
0.74655,-1.01819,-3.23349,
0.743576,-1.01791,-3.23345,
0.74055,-1.01763,-3.23303,
0.737575,-1.01736,-3.23299,
0.734549,-1.01708,-3.23257,
0.731575,-1.01681,-3.23177,
0.728548,-1.01654,-3.23135,
0.725522,-1.01627,-3.23093,
0.722495,-1.016,-3.23051,
0.719469,-1.01573,-3.22931,
0.71639,-1.01545,-3.22851,
0.713363,-1.01519,-3.22809,
0.710387,-1.01493,-3.22728,
0.707309,-1.01467,-3.22648,
0.704281,-1.01441,-3.22605,
0.701253,-1.01415,-3.22486,
0.698225,-1.0139,-3.22521,
0.695146,-1.01364,-3.22441,
0.692169,-1.0134,-3.2236,
0.689243,-1.01316,-3.22318,
0.686215,-1.01291,-3.22276,
0.683237,-1.01267,-3.22272,
0.68026,-1.01242,-3.22192,
0.677283,-1.01218,-3.22111,
0.674305,-1.01195,-3.22108,
0.671379,-1.01171,-3.22066,
0.668452,-1.01148,-3.22024,
0.665474,-1.01125,-3.21943,
0.662445,-1.01101,-3.21901,
0.659467,-1.01078,-3.21898,
0.656386,-1.01054,-3.21817,
0.653356,-1.01031,-3.21775,
0.650326,-1.01008,-3.21656,
0.647245,-1.00985,-3.21652,
0.644164,-1.00961,-3.21572,
0.641082,-1.00939,-3.21491,
0.638103,-1.00917,-3.2141,
0.635072,-1.00895,-3.21368,
0.632041,-1.00873,-3.21326,
0.629113,-1.00852,-3.21284,
0.626185,-1.00831,-3.21165,
0.623205,-1.0081,-3.21162,
0.620174,-1.00789,-3.2112,
0.617143,-1.00768,-3.21078,
0.61406,-1.00746,-3.20997,
0.611029,-1.00725,-3.20955,
0.607997,-1.00705,-3.20913,
0.604811,-1.00683,-3.20832,
0.601728,-1.00663,-3.20828,
0.598645,-1.00642,-3.20748,
0.595561,-1.00622,-3.20667,
0.592478,-1.00602,-3.20663,
0.589446,-1.00582,-3.20544,
0.586516,-1.00563,-3.20502,
0.583535,-1.00544,-3.20422,
0.580502,-1.00525,-3.2038,
0.577469,-1.00506,-3.20261,
0.574436,-1.00488,-3.20141,
0.571352,-1.00469,-3.20061,
0.568164,-1.0045,-3.1998,
0.565028,-1.00432,-3.19861,
0.561942,-1.00415,-3.1978,
0.558806,-1.00397,-3.19738,
0.55572,-1.0038,-3.19657,
0.552686,-1.00363,-3.19615,
0.549652,-1.00346,-3.19573,
0.54667,-1.0033,-3.19493,
0.543687,-1.00314,-3.19489,
0.540653,-1.00298,-3.19447,
0.537618,-1.00282,-3.19405,
0.534532,-1.00266,-3.19324,
0.531498,-1.0025,-3.19205,
0.52836,-1.00234,-3.19163,
0.525274,-1.00219,-3.19082,
0.522239,-1.00204,-3.1904,
0.519204,-1.00189,-3.18921,
0.516168,-1.00175,-3.18802,
0.513133,-1.00161,-3.1876,
0.5102,-1.00147,-3.18641,
0.507268,-1.00134,-3.18522,
0.504335,-1.00121,-3.1848,
0.501248,-1.00108,-3.18399,
0.498315,-1.00095,-3.18357,
0.49533,-1.00083,-3.18277,
0.492345,-1.00071,-3.18196,
0.489361,-1.00058,-3.18116,
0.486376,-1.00047,-3.18112,
0.48334,-1.00035,-3.1807,
0.480355,-1.00023,-3.17989,
0.47737,-1.00012,-3.17909,
0.474334,-1,-3.17867,
0.471349,-0.99989,-3.17863,
0.468415,-0.999782,-3.17744,
0.46543,-0.999675,-3.17664,
0.462393,-0.999568,-3.17622,
0.459305,-0.999461,-3.17541,
0.456268,-0.999358,-3.17499,
0.453179,-0.999255,-3.17418,
0.450091,-0.999155,-3.17338,
0.447002,-0.999056,-3.17334,
0.443811,-0.998955,-3.17253,
0.440825,-0.998863,-3.17173,
0.437736,-0.99877,-3.17092,
0.434699,-0.99868,-3.1705,
0.431559,-0.99859,-3.17008,
0.428573,-0.998505,-3.16927,
0.425535,-0.99842,-3.16808,
0.422446,-0.998339,-3.16804,
0.419357,-0.998257,-3.16801,
0.41632,-0.998177,-3.16682,
0.413282,-0.9981,-3.1664,
0.410244,-0.998025,-3.16598,
0.407104,-0.997948,-3.16555,
0.404014,-0.997874,-3.16475,
0.400977,-0.997804,-3.16433,
0.397836,-0.997732,-3.1639,
0.394695,-0.997662,-3.16271,
0.391554,-0.997596,-3.16229,
0.388362,-0.99753,-3.16148,
0.385272,-0.997468,-3.16067,
0.382183,-0.997409,-3.16064,
0.379042,-0.997349,-3.16022,
0.376003,-0.997293,-3.15903,
0.373017,-0.997241,-3.15822,
0.369927,-0.997189,-3.15741,
0.366889,-0.997141,-3.15699,
0.36385,-0.997095,-3.1558,
0.360812,-0.997051,-3.15538,
0.357722,-0.997009,-3.15457,
0.354581,-0.996968,-3.15415,
0.351543,-0.99693,-3.15373,
0.348556,-0.996894,-3.15293,
0.345672,-0.996861,-3.15289,
0.342788,-0.996828,-3.15286,
0.339853,-0.996795,-3.15244,
0.336969,-0.996764,-3.1524,
0.334033,-0.996732,-3.15198,
0.331046,-0.996701,-3.15195,
0.327956,-0.996669,-3.15114,
0.324866,-0.99664,-3.15034,
0.321828,-0.996613,-3.15069,
0.31879,-0.996586,-3.14949,
0.3157,-0.996561,-3.14946,
0.312661,-0.996537,-3.14904,
0.309674,-0.996515,-3.14823,
0.306687,-0.996495,-3.1482,
0.3037,-0.996475,-3.14816,
0.300765,-0.996456,-3.14774,
0.297778,-0.996438,-3.14694,
0.294842,-0.996422,-3.14652,
0.291907,-0.996408,-3.14687,
0.288868,-0.996392,-3.14645,
0.285933,-0.996377,-3.1468,
0.283049,-0.996362,-3.14599,
0.280165,-0.99635,-3.14596,
0.277126,-0.996336,-3.14554,
0.27419,-0.996325,-3.14512,
0.271255,-0.996314,-3.14547,
0.268268,-0.996303,-3.14543,
0.26523,-0.996291,-3.14578,
0.262243,-0.996279,-3.14575,
0.259256,-0.996266,-3.14571,
0.256269,-0.996254,-3.14568,
0.25323,-0.996242,-3.14526,
0.25014,-0.99623,-3.14522,
0.247102,-0.996219,-3.1448,
0.244166,-0.99621,-3.14438,
0.241024,-0.996201,-3.14396,
0.237883,-0.996194,-3.14431,
0.234742,-0.996185,-3.14465,
0.231703,-0.996176,-3.145,
0.228562,-0.996165,-3.14458,
0.22542,-0.996156,-3.14493,
0.22233,-0.996145,-3.14489,
0.219292,-0.996135,-3.14447,
0.21615,-0.996126,-3.14405,
0.213009,-0.996119,-3.1444,
0.20997,-0.99611,-3.14398,
0.20688,-0.996103,-3.14394,
0.20379,-0.996095,-3.1439,
0.2007,-0.996088,-3.14387,
0.197559,-0.996081,-3.14422,
0.194417,-0.996073,-3.14456,
0.191327,-0.996064,-3.14453,
0.188186,-0.996054,-3.14488,
0.184993,-0.996044,-3.14561,
0.181903,-0.996032,-3.14557,
0.178865,-0.99602,-3.14592,
0.175723,-0.996006,-3.14627,
0.172634,-0.995991,-3.147,
0.169595,-0.995975,-3.14658,
0.166608,-0.99596,-3.14655,
0.163621,-0.995945,-3.14651,
0.160583,-0.99593,-3.14686,
0.157596,-0.995915,-3.14683,
0.154557,-0.995899,-3.14641,
0.151467,-0.995884,-3.14714,
0.148429,-0.995867,-3.14749,
0.145442,-0.995849,-3.14746,
0.142558,-0.995832,-3.14819,
0.139623,-0.995813,-3.14854,
0.136739,-0.995793,-3.14928,
0.133855,-0.995771,-3.15001,
0.131023,-0.995747,-3.15037,
0.127985,-0.99572,-3.15072,
0.124998,-0.995693,-3.15145,
0.121908,-0.995663,-3.15141,
0.11887,-0.995633,-3.15176,
0.11578,-0.995601,-3.15173,
0.112742,-0.995571,-3.15208,
0.109601,-0.995538,-3.15243,
0.106562,-0.995505,-3.15277,
0.103575,-0.995471,-3.15274,
0.10064,-0.995439,-3.15309,
0.0975506,-0.995403,-3.15382,
0.0945638,-0.995367,-3.15379,
0.091577,-0.99533,-3.15375,
0.0885904,-0.995294,-3.15449,
0.0855006,-0.995254,-3.15445,
0.0824625,-0.995215,-3.1548,
0.0794757,-0.995175,-3.15477,
0.0764374,-0.995135,-3.15435,
0.0733992,-0.995097,-3.1547,
0.0702581,-0.995055,-3.15504,
0.0671684,-0.995014,-3.15501,
0.0641818,-0.994974,-3.15574,
0.0611437,-0.994931,-3.15609,
0.0580026,-0.994885,-3.15644,
0.0549129,-0.994839,-3.1564,
0.0519262,-0.994795,-3.15637,
0.0487336,-0.994748,-3.15633,
0.0455409,-0.994701,-3.15629,
0.0424512,-0.994656,-3.15626,
0.0392586,-0.994609,-3.15622,
0.0361175,-0.994563,-3.15657,
0.0329249,-0.994515,-3.15653,
0.0297838,-0.994468,-3.15688,
0.0266426,-0.99442,-3.15646,
0.0235529,-0.994374,-3.15642,
0.0204634,-0.994328,-3.15715,
0.0173738,-0.99428,-3.15712,
0.0142841,-0.994232,-3.15708,
0.0113491,-0.994187,-3.15743,
0.00825945,-0.994138,-3.1574,
0.00522141,-0.99409,-3.15774,
0.00228621,-0.994042,-3.15733,
-0.000649014,-0.993996,-3.15691,
-0.00373849,-0.993949,-3.15764,
-0.00682826,-0.993899,-3.15683,
-0.00981492,-0.993854,-3.1568,
-0.0129046,-0.993807,-3.15676,
-0.0159426,-0.993761,-3.15711,
-0.0189807,-0.993714,-3.15746,
-0.0218128,-0.993669,-3.15781,
-0.0243357,-0.993628,-3.15894,
-0.0265499,-0.993589,-3.15853,
-0.0284556,-0.993557,-3.15658,
-0.0303097,-0.993529,-3.15502,
-0.0323179,-0.993502,-3.15538,
-0.0340688,-0.993478,-3.15536,
-0.0350993,-0.993464,-3.15226,
-0.0362843,-0.993451,-3.14955,
-0.0377775,-0.993439,-3.15069,
-0.0388073,-0.99343,-3.15145,
-0.0396829,-0.993421,-3.15105,
-0.0406097,-0.993413,-3.15181,
-0.0411759,-0.993407,-3.15296,
-0.041691,-0.993401,-3.15219,
-0.0420513,-0.993397,-3.15334,
-0.0423087,-0.993394,-3.15372,
-0.0424631,-0.993392,-3.1541,
-0.0426173,-0.99339,-3.15526,
-0.0426687,-0.99339,-3.15564,
-0.0426686,-0.99339,-3.15641,
-0.0426682,-0.99339,-3.15795,
-0.0426681,-0.99339,-3.15872,
-0.0425648,-0.993391,-3.16026,
-0.0424615,-0.993393,-3.16181,
-0.0423582,-0.993395,-3.16335,
-0.0422033,-0.993399,-3.16527,
-0.0420483,-0.993402,-3.16797,
-0.0419964,-0.993404,-3.1699,
-0.0418928,-0.993407,-3.17298,
-0.0418921,-0.993407,-3.17606,
-0.0418398,-0.993409,-3.1803,
-0.041736,-0.993413,-3.18415,
-0.0417351,-0.993413,-3.18877,
-0.0415797,-0.99342,-3.19378,
-0.0415784,-0.99342,-3.19994,
-0.0415258,-0.993423,-3.20572,
-0.0414215,-0.99343,-3.21266,
-0.0414714,-0.993426,-3.21997,
-0.0412644,-0.993443,-3.22768,
-0.0412624,-0.993443,-3.23692,
-0.0413117,-0.993438,-3.24655,
-0.0412586,-0.993444,-3.25541,
-0.0412564,-0.993444,-3.26619,
-0.0413051,-0.993438,-3.27736,
-0.0413538,-0.993431,-3.28853,
-0.0413002,-0.993439,-3.30124,
-0.0413483,-0.993431,-3.31472,
-0.0413457,-0.993432,-3.32704,
-0.0413931,-0.993423,-3.34283,
-0.0415414,-0.993393,-3.35785,
-0.041639,-0.993371,-3.37248,
-0.0417358,-0.993348,-3.38943,
-0.0418323,-0.993324,-3.4056,
-0.0419285,-0.993298,-3.42178,
-0.042073,-0.993256,-3.44142,
-0.0423154,-0.993181,-3.45952,
-0.0423605,-0.993167,-3.47839,
-0.0425995,-0.993083,-3.4988,
-0.0427885,-0.993012,-3.51882,
-0.042928,-0.992957,-3.54,
-0.0430188,-0.992919,-3.56157,
-0.0432029,-0.992837,-3.58236,
-0.0432918,-0.992795,-3.6047,
-0.043518,-0.992682,-3.62665,
-0.0436049,-0.992636,-3.64976,
-0.0437358,-0.992563,-3.67171,
-0.0438208,-0.992513,-3.69327,
-0.0439043,-0.992462,-3.71638,
-0.0440732,-0.992353,-3.73949,
-0.0441544,-0.992297,-3.76182,
-0.0442762,-0.99221,-3.78454,
-0.0444371,-0.99209,-3.80842,
-0.0445951,-0.991965,-3.83152,
-0.0446708,-0.991903,-3.85463,
-0.0447449,-0.991839,-3.87851,
-0.0448938,-0.991704,-3.90238,
-0.0450766,-0.99153,-3.92665,
-0.0451824,-0.991424,-3.95014,
-0.0452855,-0.991316,-3.9744,
-0.0454553,-0.991129,-3.99943,
-0.045553,-0.991016,-4.02369,
-0.0455826,-0.99098,-4.04718,
-0.0456747,-0.990863,-4.07222,
-0.0457946,-0.990702,-4.09686,
-0.0458809,-0.99058,-4.12112,
-0.045878,-0.990584,-4.14577,
-0.0459029,-0.990545,-4.17003,
-0.04598,-0.990417,-4.1943,
-0.0460029,-0.990377,-4.21933,
-0.0460005,-0.990381,-4.24321,
-0.0459749,-0.990432,-4.26747,
-0.0459949,-0.99039,-4.29173,
-0.046014,-0.990347,-4.31446,
-0.0459722,-0.990447,-4.33757,
-0.0459893,-0.990403,-4.36029,
-0.0459876,-0.990408,-4.3834,
-0.0459695,-0.990461,-4.40535,
-0.0459526,-0.990514,-4.42653,
-0.0459223,-0.990617,-4.4481,
-0.0459212,-0.990621,-4.46813,
-0.0459326,-0.990576,-4.48854,
-0.0459316,-0.99058,-4.50857,
-0.0458995,-0.990735,-4.52821,
-0.0458799,-0.99084,-4.54747,
-0.0458539,-0.990997,-4.56634,
-0.0458159,-0.991255,-4.58368,
-0.045789,-0.991463,-4.60063,
-0.0457657,-0.991671,-4.61603,
-0.0457456,-0.991879,-4.63067,
-0.0457327,-0.992036,-4.64492,
-0.0457221,-0.992193,-4.65763,
-0.0457107,-0.992401,-4.67073,
-0.0457063,-0.992507,-4.68306,
-0.0457017,-0.992663,-4.69423,
-0.0456988,-0.99282,-4.7054,
-0.0456981,-0.992925,-4.71541,
-0.0456987,-0.993133,-4.72466,
-0.0457006,-0.99329,-4.73352,
-0.045705,-0.993497,-4.74199,
-0.0457097,-0.993653,-4.75008,
-0.0457175,-0.993861,-4.75625,
-0.0457198,-0.993913,-4.7628,
-0.0457224,-0.993966,-4.76857,
-0.0457312,-0.994121,-4.77204,
-0.0457404,-0.994276,-4.77628,
-0.0457405,-0.994277,-4.78013,
-0.045751,-0.994432,-4.78283,
-0.0457546,-0.994484,-4.78553,
-0.0457622,-0.994587,-4.78784,
-0.0457739,-0.994741,-4.78899,
-0.0457778,-0.994793,-4.79015,
-0.0457738,-0.994742,-4.79131,
-0.0457698,-0.99469,-4.79169,
-0.0457616,-0.994588,-4.79246,
-0.0457575,-0.994537,-4.79284,
-0.0457451,-0.994383,-4.79323,
-0.0457368,-0.99428,-4.79323,
-0.0457285,-0.994177,-4.79322,
-0.045716,-0.994023,-4.79361,
-0.0457035,-0.99387,-4.79399,
-0.0456867,-0.993664,-4.79399,
-0.0456741,-0.99351,-4.79437,
-0.0456615,-0.993356,-4.79476,
-0.0456361,-0.993049,-4.79552,
-0.0456147,-0.992792,-4.7959,
-0.0455975,-0.992587,-4.79667,
-0.0455715,-0.992279,-4.79744,
-0.0455409,-0.99192,-4.79705,
-0.0455104,-0.991561,-4.79743,
-0.0454754,-0.991151,-4.7982,
-0.0454313,-0.990637,-4.79819,
-0.0453827,-0.990073,-4.7978,
-0.0453344,-0.989509,-4.79818,
-0.0452771,-0.988842,-4.79855,
-0.0452194,-0.988174,-4.79816,
-0.0451532,-0.987405,-4.79777,
-0.0450786,-0.986533,-4.79891,
-0.044994,-0.985558,-4.79851,
-0.0448966,-0.984429,-4.79773,
-0.0448,-0.9833,-4.79849,
-0.0446981,-0.98212,-4.79809,
-0.0445879,-0.980837,-4.79769,
-0.0444607,-0.979349,-4.79729,
-0.0443384,-0.977912,-4.79727,
-0.0442118,-0.976424,-4.79687,
-0.0440684,-0.97473,-4.79569,
-0.0439227,-0.972985,-4.79567,
-0.0437642,-0.971086,-4.79526,
-0.0435979,-0.969084,-4.79408,
-0.0434382,-0.967134,-4.79406,
-0.0432701,-0.965081,-4.79327,
-0.0430995,-0.962976,-4.79286,
-0.0429339,-0.960923,-4.79283,
-0.0427477,-0.958613,-4.79242,
-0.0425666,-0.956354,-4.79239,
-0.0423731,-0.953941,-4.79275,
-0.0421747,-0.951477,-4.79272,
-0.0419763,-0.949013,-4.79269,
-0.0417739,-0.946498,-4.79305,
-0.0415581,-0.943828,-4.79302,
-0.0413424,-0.941159,-4.79298,
-0.0411268,-0.93849,-4.79218,
-0.0409051,-0.935717,-4.79138,
-0.0406857,-0.932945,-4.79058,
-0.0404604,-0.93007,-4.78977,
-0.0402295,-0.927091,-4.78897,
-0.0400089,-0.924216,-4.78893,
-0.0397804,-0.921237,-4.7889,
-0.0395443,-0.918157,-4.78886,
-0.0393082,-0.915076,-4.78882,
-0.0390644,-0.911892,-4.78879,
-0.0388325,-0.908862,-4.78914,
-0.0385877,-0.905679,-4.7891,
-0.038343,-0.902495,-4.78906,
-0.0381023,-0.899363,-4.78864,
-0.0378591,-0.896179,-4.7886,
-0.037616,-0.892995,-4.78856,
-0.0373691,-0.88976,-4.78814,
-0.0371274,-0.886576,-4.7881,
-0.0368781,-0.88329,-4.78806,
-0.0366289,-0.880003,-4.78803,
-0.036376,-0.876665,-4.7876,
-0.0361283,-0.873378,-4.78756,
-0.0358769,-0.87004,-4.78714,
-0.0356346,-0.866805,-4.78671,
-0.0353822,-0.863415,-4.7859,
-0.0351363,-0.860076,-4.78548,
-0.0349069,-0.856943,-4.78506,
-0.0346713,-0.853707,-4.78463,
-0.0344334,-0.85042,-4.7846,
-0.034203,-0.847235,-4.78379,
-0.0339752,-0.84405,-4.78298,
-0.0337536,-0.840916,-4.78256,
-0.0335261,-0.83768,-4.78213,
-0.0333072,-0.834546,-4.78171,
-0.033086,-0.83136,-4.78168,
-0.032865,-0.828175,-4.78164,
-0.032644,-0.824989,-4.78083,
-0.0324292,-0.821855,-4.78118,
-0.0322133,-0.818721,-4.78076,
-0.0319951,-0.815536,-4.77995,
-0.031783,-0.812401,-4.77953,
-0.0315723,-0.809267,-4.7791,
-0.0313697,-0.806235,-4.77791,
-0.0311708,-0.803203,-4.77749,
-0.0309697,-0.800119,-4.77669,
-0.0307745,-0.797087,-4.77626,
-0.0305805,-0.794054,-4.77584,
-0.0303878,-0.791022,-4.77542,
-0.0301867,-0.787835,-4.77539,
-0.0299889,-0.7847,-4.77496,
-0.0297925,-0.781564,-4.77454,
-0.0296005,-0.77848,-4.77373,
-0.0294079,-0.775344,-4.77331,
-0.0292167,-0.772209,-4.77289,
-0.0290298,-0.769124,-4.77208,
-0.0288455,-0.766039,-4.77128,
-0.0286606,-0.762903,-4.77085,
-0.02848,-0.759819,-4.77082,
-0.0283026,-0.756785,-4.7704,
-0.0281294,-0.753803,-4.76959,
-0.0279616,-0.750872,-4.76994,
-0.0277808,-0.747736,-4.76952,
-0.0276073,-0.744702,-4.7691,
-0.027441,-0.741772,-4.76868,
-0.0272729,-0.738789,-4.76787,
-0.0271015,-0.735704,-4.76784,
-0.0269331,-0.73267,-4.76742,
-0.0267688,-0.729687,-4.76661,
-0.0266069,-0.726705,-4.76581,
-0.0264474,-0.723722,-4.765,
-0.0262904,-0.720739,-4.76497,
-0.0261334,-0.717756,-4.76416,
-0.0259761,-0.714721,-4.76297,
-0.0258251,-0.711738,-4.76293,
-0.0256716,-0.708703,-4.76251,
-0.0255193,-0.705668,-4.76209,
-0.0253709,-0.702685,-4.76129,
-0.0252249,-0.699701,-4.76048,
-0.0250813,-0.696718,-4.76045,
-0.0249329,-0.693631,-4.76041,
-0.0247944,-0.690751,-4.76038,
-0.0246511,-0.687767,-4.75957,
-0.0245078,-0.684732,-4.75915,
-0.0243682,-0.681748,-4.75912,
-0.0242287,-0.678764,-4.75831,
-0.0240939,-0.675832,-4.75789,
-0.0239534,-0.672745,-4.75708,
-0.0238176,-0.669709,-4.75743,
-0.0236808,-0.666674,-4.75701,
-0.0235429,-0.663587,-4.75621,
-0.0234098,-0.660551,-4.75578,
-0.023278,-0.657515,-4.75536,
-0.0231453,-0.654428,-4.75533,
-0.0230126,-0.651341,-4.75452,
-0.0228868,-0.648356,-4.75372,
-0.0227634,-0.645372,-4.75368,
-0.022638,-0.642336,-4.75326,
-0.0225159,-0.639351,-4.75245,
-0.0223983,-0.636418,-4.75203,
-0.0222799,-0.633433,-4.75123,
-0.0221619,-0.630397,-4.75081,
-0.0220452,-0.627361,-4.75039,
-0.0219298,-0.624324,-4.74997,
-0.0218137,-0.621236,-4.74993,
-0.0216977,-0.618148,-4.74989,
-0.0215799,-0.615009,-4.74947,
-0.0214635,-0.61187,-4.74905,
-0.0213502,-0.608782,-4.74824,
-0.0212413,-0.605745,-4.74782,
-0.02113,-0.602605,-4.7474,
-0.0210272,-0.599672,-4.74698,
-0.0209239,-0.596686,-4.74617,
-0.020823,-0.593701,-4.74537,
-0.0207228,-0.590664,-4.74495,
-0.0206222,-0.587575,-4.74491,
-0.0205234,-0.584538,-4.74372,
-0.0204266,-0.58145,-4.74291,
-0.0203307,-0.57831,-4.74326,
-0.0202354,-0.575221,-4.74246,
-0.0201394,-0.572029,-4.74165,
-0.0200505,-0.568992,-4.74123,
-0.0199584,-0.5658,-4.74042,
-0.0198703,-0.56266,-4.74,
-0.0197865,-0.559622,-4.73958,
-0.0197053,-0.556636,-4.73877,
-0.0196251,-0.553599,-4.73835,
-0.0195449,-0.55051,-4.73831,
-0.0194675,-0.547524,-4.73751,
-0.0193911,-0.544486,-4.73709,
-0.0193148,-0.541397,-4.73628,
-0.019241,-0.538307,-4.73547,
-0.0191709,-0.53527,-4.73505,
-0.0191008,-0.53218,-4.73425,
-0.0190355,-0.529194,-4.73421,
-0.0189681,-0.526105,-4.73341,
-0.0189053,-0.523118,-4.7326,
-0.018845,-0.520132,-4.73179,
-0.018787,-0.517145,-4.73099,
-0.0187324,-0.51421,-4.73057,
-0.0186781,-0.511223,-4.72976,
-0.0186244,-0.508134,-4.72973,
-0.0185726,-0.505147,-4.72892,
-0.0185241,-0.502212,-4.7285,
-0.018476,-0.499225,-4.72847,
-0.0184279,-0.496238,-4.72766,
-0.0183823,-0.493252,-4.72763,
-0.0183376,-0.490316,-4.72721,
-0.0182926,-0.487278,-4.72679,
-0.0182488,-0.48424,-4.72637,
-0.0182071,-0.481253,-4.72556,
-0.0181684,-0.478318,-4.72514,
-0.0181297,-0.475279,-4.72472,
-0.0180922,-0.472241,-4.7243,
-0.0180566,-0.469254,-4.72426,
-0.0180205,-0.466216,-4.72384,
-0.0179863,-0.463229,-4.72304,
-0.0179529,-0.460088,-4.72339,
-0.0179183,-0.456946,-4.72296,
-0.0178862,-0.453908,-4.72254,
-0.0178548,-0.450818,-4.72174,
-0.0178279,-0.447934,-4.72093,
-0.0178019,-0.444896,-4.72128,
-0.0177754,-0.441909,-4.72125,
-0.0177484,-0.43887,-4.72082,
-0.0177237,-0.435935,-4.72118,
-0.017697,-0.432897,-4.72152,
-0.0176692,-0.429858,-4.7211,
-0.0176436,-0.426923,-4.72068,
-0.0176184,-0.423884,-4.72103,
-0.0175913,-0.420743,-4.72138,
-0.0175635,-0.417653,-4.72058,
-0.0175382,-0.414563,-4.72054,
-0.0175134,-0.411525,-4.72089,
-0.0174863,-0.408332,-4.72085,
-0.0174606,-0.405294,-4.7212,
-0.0174334,-0.402204,-4.72116,
-0.0174062,-0.399114,-4.72113,
-0.0173797,-0.396075,-4.72148,
-0.0173511,-0.392934,-4.72183,
-0.017323,-0.389947,-4.72179,
-0.0172949,-0.38696,-4.72098,
-0.0172683,-0.38387,-4.72095,
-0.0172423,-0.380832,-4.7213,
-0.0172152,-0.377793,-4.72011,
-0.0171914,-0.374704,-4.72007,
-0.0171677,-0.371614,-4.72003,
-0.0171436,-0.368472,-4.71961,
-0.0171206,-0.365279,-4.71957,
-0.0170984,-0.362189,-4.71954,
-0.0170763,-0.359099,-4.7195,
-0.0170547,-0.356061,-4.71985,
-0.017032,-0.353022,-4.71943,
-0.0170117,-0.350139,-4.72017,
-0.0169881,-0.3471,-4.72052,
-0.0169638,-0.344114,-4.72125,
-0.0169373,-0.341127,-4.72122,
-0.0169109,-0.33814,-4.72118,
-0.0168847,-0.335153,-4.72115,
-0.0168581,-0.332115,-4.72149,
-0.0168299,-0.329025,-4.72223,
-0.0168006,-0.326038,-4.72219,
-0.0167718,-0.323103,-4.72254,
-0.0167409,-0.320064,-4.72212,
-0.0167118,-0.317078,-4.72209,
-0.0166834,-0.314142,-4.72167,
-0.0166561,-0.311207,-4.72202,
-0.0166279,-0.308271,-4.7216,
-0.0165994,-0.305181,-4.72156,
-0.0165715,-0.302143,-4.72191,
-0.0165436,-0.299208,-4.72226,
-0.0165136,-0.29617,-4.72261,
-0.0164825,-0.293131,-4.72296,
-0.0164504,-0.290093,-4.72331,
-0.0164183,-0.287158,-4.72366,
-0.0163846,-0.284171,-4.72363,
-0.0163511,-0.281184,-4.72436,
-0.0163147,-0.278146,-4.72471,
-0.0162779,-0.275159,-4.72468,
-0.0162418,-0.272224,-4.72503,
-0.0162041,-0.269237,-4.72499,
-0.0161651,-0.266148,-4.72573,
-0.0161246,-0.26311,-4.72608,
-0.0160823,-0.26002,-4.72604,
-0.0160408,-0.256982,-4.72639,
-0.0159962,-0.253789,-4.72712,
-0.0159514,-0.250751,-4.72747,
-0.0159048,-0.247662,-4.72743,
-0.0158583,-0.244572,-4.72817,
-0.0158096,-0.241483,-4.7289,
-0.0157585,-0.238393,-4.72887,
-0.0157102,-0.235458,-4.72922,
-0.015659,-0.23242,-4.7288,
-0.0156083,-0.22933,-4.72953,
-0.0155572,-0.226344,-4.72949,
-0.0155043,-0.223254,-4.72946,
-0.0154516,-0.220165,-4.72942,
-0.0153981,-0.217024,-4.72977,
-0.0153444,-0.213934,-4.7305,
-0.0152875,-0.210793,-4.73085,
-0.0152304,-0.207704,-4.73082,
-0.0151725,-0.204563,-4.73116,
-0.0151145,-0.201474,-4.73113,
-0.0150547,-0.198281,-4.73109,
-0.0149979,-0.195243,-4.73144,
-0.01494,-0.192205,-4.73102,
-0.0148824,-0.189116,-4.73175,
-0.0148226,-0.186027,-4.73172,
-0.0147649,-0.18304,-4.73168,
-0.0147073,-0.180054,-4.73165,
-0.0146488,-0.177016,-4.73199,
-0.0145902,-0.174029,-4.73196,
-0.0145327,-0.171094,-4.73154,
-0.0144746,-0.168056,-4.73189,
-0.0144133,-0.164916,-4.73224,
-0.014351,-0.161775,-4.73182,
-0.0142919,-0.158737,-4.73216,
-0.0142298,-0.155596,-4.73174,
-0.014172,-0.152609,-4.73171,
-0.0141133,-0.149572,-4.73206,
-0.0140546,-0.146585,-4.73202,
-0.0139969,-0.14365,-4.73237,
-0.0139372,-0.140664,-4.73311,
-0.0138743,-0.137626,-4.73346,
-0.0138114,-0.13464,-4.73342,
-0.0137486,-0.131654,-4.73339,
-0.0136837,-0.128564,-4.73412,
-0.0136165,-0.125475,-4.73408,
-0.0135506,-0.122437,-4.73443,
-0.0134836,-0.1194,-4.73401,
-0.013419,-0.116413,-4.73398,
-0.0133535,-0.113376,-4.73433,
-0.0132879,-0.110389,-4.73352,
-0.0132259,-0.107454,-4.7331,
-0.013164,-0.104468,-4.73307,
-0.0131001,-0.101379,-4.7338,
-0.0130351,-0.0983408,-4.73338,
-0.0129713,-0.0953029,-4.73296,
-0.0129099,-0.0923165,-4.73292,
-0.0128464,-0.0892271,-4.73289,
-0.0127841,-0.0861894,-4.73324,
-0.0127219,-0.083203,-4.7332,
-0.0126597,-0.0802167,-4.73317,
-0.0125987,-0.0772819,-4.73352,
-0.0125356,-0.0742955,-4.73348,
-0.0124726,-0.0713092,-4.73345,
-0.0124097,-0.0683228,-4.73341,
-0.0123458,-0.0652851,-4.73376,
-0.0122809,-0.0622472,-4.73334,
-0.0122162,-0.0591579,-4.7333,
-0.0121526,-0.05612,-4.73288,
-0.0120893,-0.0530306,-4.73285,
-0.0120261,-0.0499412,-4.73281,
-0.0119619,-0.0468005,-4.73316,
-0.0118978,-0.0437111,-4.73312,
-0.0118337,-0.0406218,-4.73309,
-0.0117687,-0.0374809,-4.73266,
-0.011705,-0.0343401,-4.73301,
-0.0116423,-0.031302,-4.73182,
-0.0115833,-0.0282642,-4.73217,
-0.0115222,-0.0251748,-4.73213,
-0.0114612,-0.0220854,-4.7321,
-0.0114003,-0.0189958,-4.73129,
-0.0113438,-0.0160093,-4.73126,
-0.0112874,-0.0130229,-4.73122,
-0.0112283,-0.00988199,-4.73157,
-0.011169,-0.00679239,-4.73076,
-0.0111132,-0.00375448,-4.73111,
-0.0110563,-0.000716427,-4.73069,
-0.0109998,0.00237322,-4.72988,
-0.0109466,0.00541118,-4.73023,
-0.0108924,0.00844928,-4.72981,
-0.0108403,0.0114358,-4.72978,
-0.0107866,0.0145254,-4.72974,
-0.0107357,0.0174603,-4.73009,
-0.0106883,0.0201379,-4.73006,
-0.0106473,0.022455,-4.73042,
-0.0106074,0.0246692,-4.73001,
-0.0105702,0.0267808,-4.72806,
-0.0105403,0.0286865,-4.72611,
-0.010517,0.0303861,-4.72493,
-0.0104957,0.0320855,-4.72453,
-0.0104763,0.033682,-4.72412,
-0.0104582,0.0352269,-4.72411,
-0.0104431,0.0365142,-4.72448,
-0.0104282,0.0377499,-4.72523,
-0.0104162,0.0386767,-4.72599,
-0.0104057,0.0394492,-4.7256,
-0.0103976,0.0400668,-4.72713,
-0.01039,0.0405816,-4.72789,
-0.0103852,0.0408907,-4.72712,
-0.0103807,0.0411996,-4.72789,
-0.0103759,0.0415084,-4.72865,
-0.0103725,0.0417142,-4.72942,
-0.0103708,0.041817,-4.73019,
-0.0103699,0.0418682,-4.73135,
-0.0103679,0.0419709,-4.73288,
-0.010369,0.0419192,-4.73404,
-0.0103701,0.0418674,-4.7352,
-0.0103724,0.0417641,-4.73674,
-0.0103737,0.0417121,-4.73944,
-0.0103737,0.0417116,-4.74175,
-0.0103737,0.0417111,-4.74406,
-0.0103754,0.0416589,-4.74752,
-0.0103754,0.0416584,-4.74983,
-0.0103774,0.0416062,-4.7533,
-0.0103816,0.0415023,-4.75792,
-0.0103793,0.0415531,-4.76139,
-0.0103844,0.0414492,-4.76601,
-0.0103872,0.0413966,-4.77179,
-0.0103873,0.0413954,-4.77718,
-0.0103874,0.0413943,-4.78257,
-0.0103983,0.0412387,-4.78989,
-0.0103905,0.0413397,-4.79759,
-0.010395,0.0412869,-4.80491,
-0.0104047,0.0411826,-4.81339,
-0.01041,0.0411295,-4.82225,
-0.0104103,0.0411274,-4.83226,
-0.0104105,0.0411253,-4.84227,
-0.0104242,0.0410209,-4.85306,
-0.0104245,0.0410183,-4.86538,
-0.0104249,0.0410159,-4.87694,
-0.0104422,0.0409118,-4.88926,
-0.0104336,0.0409595,-4.90351,
-0.0104146,0.0410578,-4.91737,
-0.0103943,0.0411556,-4.93201,
-0.0103838,0.0412028,-4.94703,
-0.0103486,0.0413498,-4.96282,
-0.0103495,0.0413464,-4.97976,
-0.0103368,0.0413927,-4.99632,
-0.010309,0.0414878,-5.01481,
-0.0103102,0.0414841,-5.0333,
-0.0102789,0.0415782,-5.05178,
-0.0102632,0.0416228,-5.07142,
-0.0102465,0.0416672,-5.09106,
-0.0102291,0.041711,-5.11147,
-0.0101908,0.0418019,-5.13227,
-0.0101716,0.0418449,-5.15345,
-0.0101516,0.0418873,-5.1754,
-0.0100846,0.0420214,-5.19736,
-0.0100388,0.0421083,-5.21969,
-0.0100661,0.0420593,-5.24165,
-0.0100425,0.0420996,-5.26437,
-0.010018,0.0421393,-5.28786,
-0.00999271,0.0421783,-5.31135,
-0.00996637,0.0422169,-5.33408,
-0.00996929,0.0422128,-5.35795,
-0.00994138,0.0422499,-5.38222,
-0.00991257,0.0422863,-5.40648,
-0.00991579,0.0422824,-5.43036,
-0.00988516,0.0423175,-5.45385,
-0.00985382,0.0423517,-5.47811,
-0.00982166,0.0423851,-5.50238,
-0.00978859,0.0424179,-5.52587,
-0.00971727,0.0424853,-5.54898,
-0.00960637,0.0425854,-5.57324,
-0.00949294,0.0426829,-5.59673,
-0.00937726,0.0427777,-5.62022,
-0.00938122,0.0427746,-5.6441,
-0.00934398,0.0428023,-5.66836,
-0.00930594,0.0428291,-5.69185,
-0.00930998,0.0428264,-5.71496,
-0.00931421,0.0428237,-5.73884,
-0.00923053,0.0428744,-5.76349,
-0.00919012,0.0428975,-5.78698,
-0.00914903,0.0429197,-5.8097,
-0.0091076,0.042941,-5.8332,
-0.00906553,0.0429613,-5.85592,
-0.00906995,0.0429593,-5.87903,
-0.00912169,0.0429372,-5.90175,
-0.00907833,0.0429545,-5.92447,
-0.00908273,0.0429529,-5.94681,
-0.00898994,0.0429853,-5.96915,
-0.00894519,0.0429999,-5.99033,
-0.00894954,0.0429986,-6.0119,
-0.00895375,0.0429974,-6.03269,
-0.00895799,0.0429963,-6.05349,
-0.00891186,0.0430071,-6.07313,
-0.00906685,0.042974,-6.09201,
-0.00912115,0.0429635,-6.11011,
-0.00922628,0.0429452,-6.12782,
-0.0092298,0.0429446,-6.14477,
-0.00923317,0.0429441,-6.16095,
-0.00928758,0.0429375,-6.17674,
-0.00929064,0.0429371,-6.19137,
-0.00934491,0.0429321,-6.20562,
-0.00945051,0.0429239,-6.21949,
-0.00950457,0.0429205,-6.2322,
-0.00955867,0.0429177,-6.24491,
-0.00971557,0.0429117,-6.25685,
-0.00976924,0.0429103,-6.26725,
-0.00977134,0.0429103,-6.27726,
-0.00977312,0.0429102,-6.28574,
-0.00982632,0.0429104,-6.29382,
-0.00982811,0.0429104,-6.3023,
-0.00988114,0.0429114,-6.30962,
-0.00993399,0.0429128,-6.31616,
