0,0,0,
0,0,0,
0,0,0,
0,0,0,
0,0,0,
0,0,0,
0.00010245,0,0,
0.00030735,0,0,
0.00051225,0,0,
0.0008196,0,0,
0.00112695,0,0,
0.00153675,0,0,
0.00194655,0,0,
0.00235635,0,0,
0.0028686,0,0,
0.00338085,0,0,
0.00399555,0,0,
0.0045078,0,0,
0.00522495,0,0,
0.00604455,0,0,
0.00686415,0,0,
0.0077862,0,0,
0.0086058,0,0,
0.0096303,0,0,
0.0106548,0,0,
0.0117817,0,0,
0.0128062,0,0,
0.0140356,0,0,
0.015265,0,0,
0.0165969,0,0,
0.0178263,0,0,
0.0192606,0,0,
0.0206949,0,0,
0.0221292,0,0,
0.0236659,0,0,
0.0252027,0,0,
0.0268419,0,0,
0.0285835,0,0,
0.0302227,0,0,
0.0320668,0,0,
0.0338085,0,0,
0.035755,0,0,
0.0375991,0,0,
0.0396481,0,0,
0.0416971,0,0,
0.0437461,0,0,
0.0458976,0,0,
0.048049,0,0,
0.0502005,0,0,
0.0525568,0,0,
0.0548107,0,0,
0.0572695,0,0,
0.0596259,0,0,
0.0621871,0,0,
0.0646459,0,0,
0.0672072,0,0,
0.0698709,0,0,
0.0725346,0,0,
0.0751983,0,0,
0.0780669,0,0,
0.0808331,0,0,
0.0837017,0,0,
0.0866727,0,0,
0.0895413,0,0,
0.0924099,0,0,
0.095381,0,0,
0.0982496,0,0,
0.101118,0,0,
0.104089,0,0,
0.106958,0,0,
0.109826,0,0,
0.112797,0,0,
0.115666,0,0,
0.118535,0,0,
0.121403,0,0,
0.124374,0,0,
0.127243,0,0,
0.130112,0,0,
0.133083,0,0,
0.135951,0,0,
0.13882,0,0,
0.141791,0,0,
0.144659,0,0,
0.147528,0,0,
0.150499,0,0,
0.153368,0,0,
0.156236,0,0,
0.159105,0,0,
0.162076,0,0,
0.164945,0,0,
0.167813,0,0,
0.170784,0,0,
0.173653,0,0,
0.176521,0,0,
0.179492,0,0,
0.182361,0,0,
0.18523,0,0,
0.188098,0,0,
0.191069,0,0,
0.193938,0,0,
0.196806,0,0,
0.199778,0,0,
0.202646,0,0,
0.205515,0,0,
0.208486,0,0,
0.211354,0,0,
0.214223,0,0,
0.217194,0,0,
0.220063,0,0,
0.222931,0,0,
0.2258,0,0,
0.228771,0,0,
0.231639,0,0,
0.234508,0,0,
0.237479,0,0,
0.240348,0,0,
0.243216,0,0,
0.246187,0,0,
0.249056,0,0,
0.251925,0,0,
0.254896,0,0,
0.257764,0,0,
0.260633,0,0,
0.263501,0,0,
0.266472,0,0,
0.269341,0,0,
0.27221,0,0,
0.275181,0,0,
0.278049,0,0,
0.280918,0,0,
0.283889,0,0,
0.286758,0,0,
0.289626,0,0,
0.292597,0,0,
0.295466,0,0,
0.298334,0,0,
0.301203,0,0,
0.304174,0,0,
0.307043,0,0,
0.309911,0,0,
0.312882,0,0,
0.315751,0,0,
0.318619,0,0,
0.321591,0,0,
0.324459,0,0,
0.327328,0,0,
0.330299,0,0,
0.333167,0,0,
0.336036,0,0,
0.338905,0,0,
0.341876,0,0,
0.344744,0,0,
0.347613,0,0,
0.350584,0,0,
0.353452,0,0,
0.356321,0,0,
0.359292,0,0,
0.362161,0,0,
0.365029,0,0,
0.367898,0,0,
0.370869,0,0,
0.373738,0,0,
0.376606,0,0,
0.379577,0,0,
0.382446,0,0,
0.385314,0,0,
0.388285,0,0,
0.391154,0,0,
0.394023,0,0,
0.396994,0,0,
0.399862,0,0,
0.402731,0,0,
0.4056,0,0,
0.408571,0,0,
0.411439,0,0,
0.414308,0,0,
0.417279,0,0,
0.420147,0,0,
0.423016,0,0,
0.425987,0,0,
0.428856,0,0,
0.431724,0,0,
0.434695,0,0,
0.437564,0,0,
0.440433,0,0,
0.443301,0,0,
0.446272,0,0,
0.449141,0,0,
0.452009,0,0,
0.45498,0,0,
0.457849,0,0,
0.460718,0,0,
0.463689,0,0,
0.466557,0,0,
0.469426,0,0,
0.472397,0,0,
0.475266,0,0,
0.478134,0,0,
0.481003,0,0,
0.483974,0,0,
0.486842,0,0,
0.489711,0,0,
0.492682,0,0,
0.495551,0,0,
0.498419,0,0,
0.50139,0,0,
0.504259,0,0,
0.507127,0,0,
0.510099,0,0,
0.512967,0,0,
0.515836,0,0,
0.518704,0,0,
0.521675,0,0,
0.524544,0,0,
0.527413,0,0,
0.530384,0,0,
0.533252,0,0,
0.536121,0,0,
0.539092,0,0,
0.54196,0,0,
0.544829,0,0,
0.547698,0,0,
0.550669,0,0,
0.553537,0,0,
0.556406,0,0,
0.559377,0,0,
0.562246,0,0,
0.565114,0,0,
0.568085,0,0,
0.570954,0,0,
0.573822,0,0,
0.576793,0,0,
0.579662,0,0,
0.582531,0,0,
0.585399,0,0,
0.58837,0,0,
0.591239,0,0,
0.594108,0,0,
0.597079,0,0,
0.599947,0,0,
0.602816,0,0,
0.605787,0,0,
0.608655,0,0,
0.611524,0,0,
0.614495,0,0,
0.617364,0,0,
0.620232,0,0,
0.623101,0,0,
0.626072,0,0,
0.628941,0,0,
0.631809,0,0,
0.63478,0,0,
0.637649,0,0,
0.640517,0,0,
0.643488,0,0,
0.646357,0,0,
0.649226,0,0,
0.652197,0,0,
0.655065,0,0,
0.657934,0,0,
0.660802,0,0,
0.663774,0,0,
0.666642,0,0,
0.669511,0,0,
0.672482,0,0,
0.67535,0,0,
0.678219,0,0,
0.68119,0,0,
0.684059,0,0,
0.686927,0,0,
0.689898,0,0,
0.692767,0,0,
0.695635,0,0,
0.698504,0,0,
0.701475,0,0,
0.704344,0,0,
0.707212,0,0,
0.710183,0,0,
0.713052,0,0,
0.715921,0,0,
0.718892,0,0,
0.72176,0,0,
0.724629,0,0,
0.7276,0,0,
0.730468,0,0,
0.733337,0,0,
0.736206,0,0,
0.739177,0,0,
0.742045,0,0,
0.744914,0,0,
0.747885,0,0,
0.750754,0,0,
0.753622,0,0,
0.756593,0,0,
0.759462,0,0,
0.76233,0,0,
0.765199,0,0,
0.76817,0,0,
0.771039,0,0,
0.773907,0,0,
0.776878,0,0,
0.779747,0,0,
0.782616,0,0,
0.785587,0,0,
0.788455,0,0,
0.791324,0,0,
0.794295,0,0,
0.797163,0,0,
0.800032,0,0,
0.802901,0,0,
0.805872,0,0,
0.80874,0,0,
0.811609,0,0,
0.81458,0,0,
0.817449,0,0,
0.820317,0,0,
0.823288,0,0,
0.826157,0,0,
0.829025,0,0,
0.831996,0,0,
0.834865,0,0,
0.837734,0,0,
0.840602,0,0,
0.843573,0,0,
0.846442,0,0,
0.84931,0,0,
0.852282,0,0,
0.85515,0,0,
0.858019,0,0,
0.86099,0,0,
0.863858,0,0,
0.866727,0,0,
0.869698,0,0,
0.872567,0,0,
0.875435,0,0,
0.878304,0,0,
0.881275,0,0,
0.884143,0,0,
0.887012,0,0,
0.889983,0,0,
0.892852,0,0,
0.89572,0,0,
0.898691,0,0,
0.90156,0,0,
0.904429,0,0,
0.9074,0,0,
0.910268,0,0,
0.913137,0,0,
0.916005,0,0,
0.918976,0,0,
0.921845,0,0,
0.924611,0,0,
0.92748,0,0,
0.930144,0,0,
0.932807,0,0,
0.935471,0,0,
0.938032,0,0,
0.940593,0,0,
0.943052,0,0,
0.945409,0,0,
0.947867,0,0,
0.950121,0,0,
0.952478,0,0,
0.954629,0,0,
0.956883,0,0,
0.958932,0,0,
0.961083,0,0,
0.96303,0,0,
0.965079,0,0,
0.966923,0,0,
0.96887,0,0,
0.970611,0,0,
0.972455,0,0,
0.974197,0,0,
0.975836,0,0,
0.977475,0,0,
0.979012,0,0,
0.980549,0,0,
0.982086,0,0,
0.983418,0,0,
0.984749,0,0,
0.986081,0,0,
0.987208,0,0,
0.988438,0,0,
0.989565,0,0,
0.990691,0,0,
0.991614,0,0,
0.992638,0,0,
0.99356,0,0,
0.994482,0,0,
0.995199,0,0,
0.996019,0,0,
0.996736,0,0,
0.997351,0,0,
0.997965,0,0,
0.998478,0,0,
0.99899,0,0,
0.9994,0,0,
0.999605,0,0,
0.999912,0,0,
1.00012,0,0,
1.00022,0,0,
1.00022,0,0,
1.00022,0,0,
1.00022,0,0,
1.00022,0,0,
1.00027,0,-0.000394038,
1.00027,0,-0.00118212,
1.00027,0,-0.00275827,
1.00027,0,-0.00433442,
1.00032,-2.2203e-07,-0.00630462,
1.00032,-2.2203e-07,-0.00866885,
1.00032,-2.2203e-07,-0.0118212,
1.00032,-2.2203e-07,-0.0149735,
1.00032,-2.2203e-07,-0.0181258,
1.00032,-2.2203e-07,-0.0220662,
1.00027,9.08217e-07,-0.0256125,
1.00027,9.08217e-07,-0.030341,
1.00027,9.08217e-07,-0.0350694,
1.00032,-8.87846e-07,-0.0401919,
1.00032,-8.87846e-07,-0.0464965,
1.00032,-8.87846e-07,-0.0528012,
1.00027,1.81564e-06,-0.0594998,
1.00027,1.81564e-06,-0.0665925,
1.00032,-1.59304e-06,-0.0740792,
1.00032,-1.59304e-06,-0.08196,
1.00027,2.60066e-06,-0.0902348,
1.00027,2.60066e-06,-0.0989037,
1.00032,-2.45743e-06,-0.107967,
1.00032,-2.45743e-06,-0.117423,
1.00027,3.54378e-06,-0.127274,
1.00032,-2.95827e-06,-0.137125,
1.00032,-2.95827e-06,-0.148158,
1.00027,4.60341e-06,-0.158798,
1.00032,-3.49684e-06,-0.170225,
1.00032,-3.49684e-06,-0.182046,
1.00027,5.77703e-06,-0.194261,
1.00032,-4.11152e-06,-0.206476,
1.00027,6.39023e-06,-0.219479,
1.00032,-4.76256e-06,-0.232483,
1.00032,-4.76256e-06,-0.246668,
1.00027,7.74527e-06,-0.260459,
1.00032,-5.44642e-06,-0.275039,
1.00027,8.46548e-06,-0.289618,
1.00032,-6.16368e-06,-0.304986,
1.00027,9.21814e-06,-0.320353,
1.00032,-6.91271e-06,-0.336509,
1.00027,1.00015e-05,-0.352664,
1.00032,-7.69162e-06,-0.369608,
1.00027,1.08134e-05,-0.386552,
1.00032,-8.49825e-06,-0.404283,
1.00027,1.16516e-05,-0.422015,
1.00032,-9.33012e-06,-0.440535,
1.00032,-9.33012e-06,-0.458661,
1.00027,1.33496e-05,-0.477969,
1.00032,-1.02127e-05,-0.497277,
1.00027,1.42234e-05,-0.517373,
1.00032,-1.11124e-05,-0.537468,
1.00032,-1.11124e-05,-0.557958,
1.00028,1.60089e-05,-0.578842,
1.00032,-1.2014e-05,-0.600515,
1.00032,-1.2014e-05,-0.621793,
1.00028,1.78242e-05,-0.644253,
1.00032,-1.29415e-05,-0.666713,
1.00032,-1.29415e-05,-0.688779,
1.00028,1.96168e-05,-0.711239,
1.00028,1.96168e-05,-0.733306,
1.00032,-1.46696e-05,-0.755766,
1.00028,2.04629e-05,-0.778226,
1.00028,2.04629e-05,-0.800292,
1.00031,-1.62941e-05,-0.822752,
1.00031,-1.62941e-05,-0.844818,
1.00028,2.20146e-05,-0.867279,
1.00031,-1.70482e-05,-0.889739,
1.00031,-1.70482e-05,-0.911805,
1.00028,2.34508e-05,-0.934265,
1.00031,-1.77424e-05,-0.956725,
1.00031,-1.77424e-05,-0.978792,
1.00028,2.47653e-05,-1.00046,
1.00031,-1.83518e-05,-1.02214,
1.00031,-1.83518e-05,-1.04263,
1.00029,2.58928e-05,-1.06351,
1.00031,-1.88813e-05,-1.08361,
1.00031,-1.88813e-05,-1.10331,
1.00029,2.68474e-05,-1.12262,
1.00031,-1.93184e-05,-1.14192,
1.00029,2.72674e-05,-1.16044,
1.00031,-1.97049e-05,-1.17896,
1.00029,2.76378e-05,-1.19669,
1.00031,-2.00443e-05,-1.21443,
1.00031,-2.00443e-05,-1.23098,
1.00029,2.82513e-05,-1.24792,
1.00031,-2.03267e-05,-1.26408,
1.00029,2.85076e-05,-1.28023,
1.00031,-2.05702e-05,-1.2956,
1.00031,-2.05702e-05,-1.31057,
1.00029,2.89302e-05,-1.32515,
1.00031,-2.07571e-05,-1.33894,
1.00029,2.90973e-05,-1.35273,
1.00031,-2.09147e-05,-1.36574,
1.00029,2.92371e-05,-1.37874,
1.0003,-2.1046e-05,-1.39096,
1.0003,-2.1046e-05,-1.40356,
1.0003,2.94643e-05,-1.41499,
1.0003,-2.11402e-05,-1.42642,
1.0003,-2.11402e-05,-1.43745,
1.0003,2.96301e-05,-1.44809,
1.0003,-2.12098e-05,-1.45794,
1.0003,-2.12098e-05,-1.46819,
1.0003,2.97458e-05,-1.47725,
1.0003,-2.12552e-05,-1.48631,
1.0003,-2.12552e-05,-1.49498,
1.0003,-2.12552e-05,-1.50365,
1.0003,2.98544e-05,-1.51114,
1.0003,2.98544e-05,-1.51823,
1.0003,-2.12999e-05,-1.52493,
1.0003,-2.12999e-05,-1.53123,
1.0003,2.9885e-05,-1.53714,
1.0003,2.9885e-05,-1.54266,
1.0003,2.9885e-05,-1.54818,
1.0003,-2.13269e-05,-1.55251,
1.0003,-2.13269e-05,-1.55724,
1.0003,-2.13269e-05,-1.56118,
1.0003,-2.13269e-05,-1.56433,
1.0003,-2.13269e-05,-1.56749,
1.0003,2.98978e-05,-1.56946,
1.0003,2.98978e-05,-1.57103,
1.0003,2.98978e-05,-1.57261,
1.0003,2.98978e-05,-1.5734,
1.0003,2.98978e-05,-1.5734,
1.0003,2.98978e-05,-1.5734,
1.0003,2.98978e-05,-1.5734,
1.0003,2.98978e-05,-1.5734,
1.0003,-7.25518e-05,-1.5734,
1.0003,-0.000123777,-1.573,
1.0003,-0.000328676,-1.573,
1.0003,-0.000584801,-1.57261,
1.0003,-0.000840925,-1.573,
1.0003,-0.00114827,-1.57221,
1.0003,-0.00155807,-1.57221,
1.0003,-0.00191665,-1.57182,
1.0003,-0.0024289,-1.57182,
1.0003,-0.00294115,-1.57182,
1.0003,-0.00355585,-1.57182,
1.0003,-0.00417055,-1.57103,
1.00029,-0.00483647,-1.57143,
1.00029,-0.00555362,-1.57064,
1.00029,-0.00637322,-1.57064,
1.00029,-0.0071416,-1.57024,
1.0003,-0.00806365,-1.57024,
1.0003,-0.00893447,-1.56985,
1.0003,-0.00995897,-1.56985,
1.0003,-0.0109322,-1.56946,
1.0003,-0.0120592,-1.56946,
1.0003,-0.0131349,-1.56906,
1.0003,-0.0143643,-1.56906,
1.0003,-0.0155425,-1.56867,
1.00031,-0.0168743,-1.56867,
1.00031,-0.018155,-1.56827,
1.00031,-0.019538,-1.56867,
1.00032,-0.0209723,-1.56788,
1.00032,-0.0224578,-1.56827,
1.00032,-0.0239434,-1.56788,
1.00033,-0.0255313,-1.56749,
1.00034,-0.0271705,-1.56749,
1.00034,-0.0288609,-1.56709,
1.00035,-0.0305514,-1.5667,
1.00035,-0.0323442,-1.56709,
1.00036,-0.0341371,-1.56749,
1.00037,-0.0360324,-1.56709,
1.00037,-0.0379277,-1.56749,
1.00038,-0.0399255,-1.56788,
1.00039,-0.0419232,-1.56827,
1.00039,-0.0440235,-1.56788,
1.0004,-0.0461237,-1.56827,
1.0004,-0.0483263,-1.56867,
1.00041,-0.050529,-1.56906,
1.00041,-0.0528341,-1.56867,
1.00042,-0.0551392,-1.56906,
1.00042,-0.0575468,-1.56946,
1.00042,-0.0599544,-1.56985,
1.00043,-0.0624644,-1.56946,
1.00043,-0.0649744,-1.56985,
1.00043,-0.0675357,-1.56985,
1.00044,-0.0701482,-1.57024,
1.00044,-0.0728631,-1.57064,
1.00044,-0.0755268,-1.57064,
1.00044,-0.0783442,-1.57103,
1.00044,-0.0811615,-1.57143,
1.00044,-0.0840814,-1.57103,
1.00043,-0.08695,-1.57103,
1.00043,-0.0898698,-1.57064,
1.00043,-0.0927384,-1.57064,
1.00043,-0.0956582,-1.57024,
1.00044,-0.0985268,-1.57024,
1.00044,-0.101447,-1.57064,
1.00044,-0.104366,-1.57103,
1.00044,-0.107235,-1.57182,
1.00043,-0.110155,-1.57221,
1.00043,-0.113023,-1.57143,
1.00043,-0.115943,-1.57103,
1.00043,-0.118863,-1.57064,
1.00043,-0.121732,-1.57064,
1.00043,-0.124652,-1.57024,
1.00043,-0.12752,-1.57024,
1.00043,-0.13044,-1.57064,
1.00043,-0.13336,-1.57103,
1.00043,-0.13628,-1.57143,
1.00043,-0.139148,-1.57221,
1.00043,-0.142017,-1.57143,
1.00042,-0.144937,-1.57103,
1.00042,-0.147856,-1.57064,
1.00042,-0.150776,-1.57024,
1.00043,-0.153645,-1.57024,
1.00043,-0.156565,-1.57064,
1.00043,-0.159433,-1.57064,
1.00043,-0.162353,-1.57103,
1.00043,-0.165273,-1.57143,
1.00043,-0.168142,-1.57221,
1.00042,-0.171061,-1.57182,
1.00042,-0.17393,-1.57103,
1.00042,-0.17685,-1.57064,
1.00042,-0.17977,-1.57024,
1.00042,-0.182638,-1.57024,
1.00042,-0.185558,-1.57064,
1.00042,-0.188427,-1.57064,
1.00042,-0.191346,-1.57103,
1.00042,-0.194266,-1.57143,
1.00042,-0.197135,-1.57221,
1.00042,-0.200055,-1.57182,
1.00041,-0.202923,-1.57103,
1.00041,-0.205843,-1.57064,
1.00041,-0.208763,-1.57024,
1.00041,-0.211632,-1.57024,
1.00042,-0.214551,-1.57064,
1.00042,-0.21742,-1.57064,
1.00042,-0.22034,-1.57103,
1.00042,-0.22326,-1.57143,
1.00041,-0.226179,-1.57182,
1.00041,-0.229048,-1.57182,
1.00041,-0.231917,-1.57103,
1.00041,-0.234837,-1.57064,
1.00041,-0.237756,-1.57024,
1.00041,-0.240676,-1.56985,
1.00041,-0.243545,-1.57064,
1.00041,-0.246465,-1.57103,
1.00041,-0.249333,-1.57103,
1.00041,-0.252253,-1.57143,
1.00041,-0.255173,-1.57103,
1.00041,-0.258041,-1.57103,
1.00041,-0.260961,-1.57064,
1.00041,-0.26383,-1.56985,
1.00041,-0.26675,-1.56946,
1.00042,-0.269669,-1.56985,
1.00042,-0.272538,-1.57064,
1.00042,-0.275458,-1.57103,
1.00042,-0.278327,-1.57103,
1.00042,-0.281246,-1.57143,
1.00042,-0.284166,-1.57103,
1.00041,-0.287035,-1.57103,
1.00041,-0.289955,-1.57064,
1.00041,-0.292823,-1.56985,
1.00042,-0.295743,-1.56946,
1.00042,-0.298663,-1.56985,
1.00042,-0.301531,-1.57064,
1.00042,-0.304451,-1.57103,
1.00042,-0.30732,-1.57103,
1.00042,-0.31024,-1.57143,
1.00042,-0.31316,-1.57103,
1.00042,-0.316079,-1.57064,
1.00042,-0.318948,-1.57064,
1.00042,-0.321817,-1.56985,
1.00042,-0.324736,-1.57024,
1.00043,-0.327656,-1.57064,
1.00043,-0.330576,-1.57103,
1.00043,-0.333445,-1.57182,
1.00042,-0.336313,-1.57182,
1.00042,-0.339233,-1.57143,
1.00042,-0.342153,-1.57103,
1.00042,-0.345073,-1.57064,
1.00042,-0.347941,-1.57064,
1.00042,-0.350861,-1.57024,
1.00042,-0.35373,-1.57024,
1.00042,-0.35665,-1.57064,
1.00042,-0.359569,-1.57103,
1.00042,-0.362438,-1.57182,
1.00042,-0.365358,-1.57221,
1.00041,-0.368226,-1.57143,
1.00041,-0.371146,-1.57103,
1.00041,-0.374066,-1.57064,
1.00041,-0.376935,-1.57064,
1.00041,-0.379854,-1.57024,
1.00041,-0.382723,-1.57024,
1.00042,-0.385643,-1.57064,
1.00042,-0.388563,-1.57103,
1.00042,-0.391483,-1.57143,
1.00041,-0.394351,-1.57221,
1.00041,-0.39722,-1.57143,
1.00041,-0.40014,-1.57103,
1.00041,-0.403059,-1.57064,
1.00041,-0.405979,-1.57024,
1.00041,-0.408848,-1.57024,
1.00041,-0.411716,-1.57024,
1.00041,-0.414636,-1.57064,
1.00041,-0.417556,-1.57103,
1.00041,-0.420476,-1.57143,
1.00041,-0.423344,-1.57221,
1.00041,-0.426213,-1.57143,
1.0004,-0.429133,-1.57103,
1.0004,-0.432053,-1.57064,
1.0004,-0.434973,-1.57024,
1.00041,-0.437841,-1.57024,
1.00041,-0.440761,-1.57064,
1.00041,-0.44363,-1.57064,
1.00041,-0.446549,-1.57103,
1.00041,-0.449469,-1.57143,
1.00041,-0.452338,-1.57221,
1.0004,-0.455258,-1.57182,
1.0004,-0.458126,-1.57103,
1.0004,-0.461046,-1.57064,
1.0004,-0.463966,-1.57024,
1.0004,-0.466834,-1.57024,
1.0004,-0.469754,-1.57064,
1.0004,-0.472623,-1.57064,
1.0004,-0.475543,-1.57103,
1.0004,-0.478463,-1.57143,
1.0004,-0.481382,-1.57182,
1.0004,-0.484251,-1.57182,
1.00039,-0.48712,-1.57103,
1.00039,-0.490039,-1.57064,
1.00039,-0.492959,-1.57024,
1.0004,-0.495879,-1.56985,
1.0004,-0.498748,-1.57064,
1.0004,-0.501616,-1.57064,
1.0004,-0.504536,-1.57103,
1.0004,-0.507456,-1.57143,
1.0004,-0.510376,-1.57182,
1.00039,-0.513244,-1.57182,
1.00039,-0.516113,-1.57103,
1.00039,-0.519033,-1.57064,
1.00039,-0.521953,-1.57024,
1.00039,-0.524872,-1.56985,
1.0004,-0.527741,-1.57064,
1.0004,-0.530661,-1.57103,
1.00039,-0.533529,-1.57103,
1.00039,-0.536449,-1.57143,
1.00039,-0.539369,-1.57103,
1.00039,-0.542238,-1.57103,
1.00039,-0.545157,-1.57064,
1.00039,-0.548026,-1.56985,
1.00039,-0.550946,-1.56946,
1.0004,-0.553866,-1.56985,
1.0004,-0.556734,-1.57064,
1.0004,-0.559654,-1.57103,
1.0004,-0.562523,-1.57103,
1.0004,-0.565443,-1.57143,
1.0004,-0.568362,-1.57103,
1.0004,-0.571231,-1.57103,
1.0004,-0.574151,-1.57064,
1.0004,-0.577019,-1.56985,
1.0004,-0.579939,-1.56946,
1.0004,-0.582859,-1.56985,
1.00041,-0.585779,-1.57024,
1.00041,-0.588648,-1.57103,
1.00041,-0.591516,-1.57103,
1.00041,-0.594436,-1.57143,
1.00041,-0.597356,-1.57103,
1.0004,-0.600276,-1.57064,
1.0004,-0.603144,-1.57064,
1.00041,-0.606064,-1.57024,
1.00041,-0.608933,-1.57024,
1.00041,-0.611852,-1.57064,
1.00041,-0.614772,-1.57103,
1.00041,-0.617641,-1.57182,
1.00041,-0.620561,-1.57221,
1.0004,-0.623429,-1.57143,
1.0004,-0.626349,-1.57103,
1.0004,-0.629269,-1.57064,
1.0004,-0.632138,-1.57064,
1.0004,-0.635057,-1.57024,
1.0004,-0.637926,-1.57024,
1.0004,-0.640846,-1.57064,
1.0004,-0.643766,-1.57103,
1.0004,-0.646634,-1.57182,
1.0004,-0.649554,-1.57221,
1.0004,-0.652423,-1.57143,
1.00039,-0.655342,-1.57103,
1.00039,-0.658262,-1.57064,
1.00039,-0.661131,-1.57064,
1.00039,-0.664051,-1.57024,
1.0004,-0.666919,-1.57024,
1.0004,-0.669839,-1.57064,
1.0004,-0.672759,-1.57103,
1.0004,-0.675679,-1.57143,
1.0004,-0.678547,-1.57221,
1.00039,-0.681416,-1.57143,
1.00039,-0.684336,-1.57103,
1.00039,-0.687256,-1.57064,
1.00039,-0.690175,-1.57024,
1.00039,-0.693044,-1.57024,
1.00039,-0.695964,-1.57064,
1.00039,-0.698832,-1.57064,
1.00039,-0.701752,-1.57103,
1.00039,-0.704672,-1.57143,
1.00039,-0.707541,-1.57221,
1.00039,-0.710461,-1.57182,
1.00038,-0.713329,-1.57103,
1.00038,-0.716249,-1.57064,
1.00038,-0.719169,-1.57024,
1.00038,-0.722037,-1.57024,
1.00039,-0.724957,-1.57064,
1.00039,-0.727826,-1.57064,
1.00039,-0.730746,-1.57103,
1.00039,-0.733665,-1.57143,
1.00038,-0.736585,-1.57182,
1.00038,-0.739454,-1.57182,
1.00038,-0.742322,-1.57103,
1.00038,-0.745242,-1.57064,
1.00038,-0.748162,-1.57024,
1.00038,-0.751031,-1.57024,
1.00038,-0.753951,-1.57064,
1.00038,-0.756819,-1.57064,
1.00038,-0.759739,-1.57103,
1.00038,-0.762659,-1.57143,
1.00038,-0.765579,-1.57182,
1.00038,-0.768447,-1.57182,
1.00037,-0.771316,-1.57103,
1.00037,-0.774236,-1.57064,
1.00037,-0.777155,-1.57024,
1.00038,-0.780075,-1.56985,
1.00038,-0.782944,-1.57064,
1.00038,-0.785864,-1.57103,
1.00038,-0.788732,-1.57103,
1.00038,-0.791652,-1.57143,
1.00038,-0.794572,-1.57103,
1.00038,-0.797441,-1.57103,
1.00037,-0.80036,-1.57064,
1.00038,-0.803229,-1.56985,
1.00038,-0.806149,-1.56946,
1.00038,-0.809069,-1.56985,
1.00038,-0.811937,-1.57064,
1.00038,-0.814857,-1.57103,
1.00038,-0.817726,-1.57103,
1.00038,-0.820645,-1.57143,
1.00038,-0.823565,-1.57103,
1.00038,-0.826434,-1.57103,
1.00038,-0.829354,-1.57064,
1.00038,-0.832222,-1.56985,
1.00038,-0.835142,-1.56946,
1.00039,-0.838062,-1.56985,
1.00039,-0.840931,-1.57064,
1.00039,-0.84385,-1.57103,
1.00039,-0.846719,-1.57103,
1.00039,-0.849639,-1.57143,
1.00039,-0.852559,-1.57103,
1.00039,-0.855478,-1.57064,
1.00039,-0.858347,-1.57064,
1.00039,-0.861267,-1.57024,
1.00039,-0.864136,-1.57024,
1.00039,-0.867055,-1.57064,
1.00039,-0.869975,-1.57103,
1.00039,-0.872844,-1.57182,
1.00039,-0.875712,-1.57182,
1.00038,-0.878632,-1.57143,
1.00038,-0.881552,-1.57103,
1.00038,-0.884472,-1.57064,
1.00038,-0.88734,-1.57064,
1.00038,-0.89026,-1.57024,
1.00038,-0.893129,-1.57024,
1.00039,-0.896049,-1.57064,
1.00039,-0.898969,-1.57103,
1.00039,-0.901837,-1.57182,
1.00038,-0.904757,-1.57221,
1.00038,-0.907626,-1.57143,
1.00038,-0.910545,-1.57103,
1.00038,-0.913465,-1.57064,
1.00038,-0.916334,-1.57064,
1.00038,-0.919254,-1.57024,
1.00038,-0.922122,-1.57024,
1.00038,-0.925042,-1.57064,
1.00038,-0.927962,-1.57103,
1.00038,-0.930882,-1.57143,
1.00038,-0.93375,-1.57221,
1.00037,-0.936619,-1.57143,
1.00037,-0.939539,-1.57103,
1.00037,-0.942459,-1.57064,
1.00037,-0.945378,-1.57024,
1.00037,-0.948247,-1.57024,
1.00038,-0.951116,-1.57024,
1.00038,-0.954035,-1.57064,
1.00038,-0.956955,-1.57103,
1.00038,-0.959875,-1.57143,
1.00038,-0.962744,-1.57221,
1.00037,-0.965612,-1.57143,
1.00037,-0.968532,-1.57103,
1.00037,-0.971452,-1.57064,
1.00037,-0.974372,-1.57024,
1.00037,-0.97724,-1.57024,
1.00037,-0.98016,-1.57064,
1.00037,-0.983029,-1.57064,
1.00037,-0.985949,-1.57103,
1.00037,-0.988868,-1.57143,
1.00037,-0.991737,-1.57221,
1.00037,-0.994657,-1.57182,
1.00036,-0.997525,-1.57103,
1.00036,-1.00045,-1.57064,
1.00036,-1.00337,-1.57024,
1.00037,-1.00623,-1.57024,
1.00037,-1.00623,-1.57024,
1.00037,-1.00623,-1.57024,
1.00037,-1.00623,-1.57024,
1.00037,-1.00628,-1.57064,
1.00037,-1.00628,-1.57143,
1.00037,-1.00634,-1.57261,
1.00037,-1.00634,-1.57418,
1.00037,-1.00634,-1.57655,
1.00037,-1.00634,-1.57891,
1.00037,-1.00628,-1.58167,
1.00037,-1.00628,-1.58482,
1.00037,-1.00628,-1.58798,
1.00037,-1.00628,-1.59192,
1.00037,-1.00628,-1.59586,
1.00037,-1.00628,-1.60058,
1.00036,-1.00634,-1.60492,
1.00036,-1.00634,-1.61044,
1.00037,-1.00628,-1.61635,
1.00037,-1.00628,-1.62265,
1.00037,-1.00628,-1.62974,
1.00036,-1.00634,-1.63644,
1.00036,-1.00634,-1.64432,
1.00037,-1.00628,-1.65181,
1.00037,-1.00628,-1.66048,
1.00036,-1.00634,-1.66875,
1.00037,-1.00628,-1.67782,
1.00037,-1.00628,-1.68727,
1.00037,-1.00628,-1.69752,
1.00036,-1.00634,-1.70737,
1.00037,-1.00629,-1.71801,
1.00037,-1.00629,-1.72904,
1.00036,-1.00634,-1.74047,
1.00037,-1.00629,-1.7519,
1.00037,-1.00629,-1.7645,
1.00037,-1.00629,-1.77633,
1.00037,-1.00629,-1.78972,
1.00036,-1.00634,-1.80273,
1.00037,-1.00629,-1.81652,
1.00036,-1.00633,-1.83031,
1.00037,-1.00629,-1.84489,
1.00037,-1.00629,-1.85986,
1.00037,-1.00629,-1.87484,
1.00037,-1.00629,-1.8906,
1.00037,-1.00629,-1.90636,
1.00037,-1.00629,-1.92291,
1.00037,-1.00629,-1.93946,
1.00037,-1.00629,-1.9568,
1.00037,-1.00629,-1.97413,
1.00035,-1.00633,-1.99186,
1.00037,-1.00629,-2.01038,
1.00035,-1.00633,-2.0289,
1.00037,-1.00629,-2.04821,
1.00037,-1.00629,-2.06713,
1.00035,-1.00633,-2.08722,
1.00037,-1.00629,-2.10732,
1.00037,-1.00629,-2.12781,
1.00037,-1.00629,-2.14909,
1.00037,-1.00629,-2.17036,
1.00037,-1.00629,-2.19164,
1.00037,-1.00629,-2.2145,
1.00037,-1.00629,-2.23656,
1.00037,-1.00629,-2.25863,
1.00034,-1.00633,-2.28109,
1.00037,-1.00629,-2.30355,
1.00037,-1.00629,-2.32562,
1.00034,-1.00632,-2.34808,
1.00037,-1.00629,-2.37054,
1.00037,-1.00629,-2.3926,
1.00034,-1.00632,-2.41506,
1.00037,-1.00629,-2.43752,
1.00037,-1.00629,-2.45959,
1.00037,-1.00629,-2.48165,
1.00033,-1.00632,-2.50411,
1.00038,-1.00629,-2.52657,
1.00038,-1.00629,-2.54864,
1.00033,-1.00632,-2.57031,
1.00038,-1.00629,-2.59198,
1.00038,-1.00629,-2.61247,
1.00033,-1.00632,-2.63336,
1.00038,-1.00629,-2.65345,
1.00033,-1.00632,-2.67355,
1.00038,-1.00629,-2.69286,
1.00038,-1.00629,-2.71177,
1.00033,-1.00631,-2.73029,
1.00038,-1.00629,-2.74881,
1.00033,-1.00631,-2.76654,
1.00038,-1.00629,-2.78428,
1.00033,-1.00631,-2.80122,
1.00038,-1.0063,-2.81816,
1.00033,-1.00631,-2.83432,
1.00038,-1.0063,-2.85047,
1.00033,-1.00631,-2.86584,
1.00038,-1.0063,-2.88042,
1.00033,-1.00631,-2.895,
1.00038,-1.0063,-2.90879,
1.00033,-1.00631,-2.92258,
1.00038,-1.0063,-2.93559,
1.00038,-1.0063,-2.94898,
1.00033,-1.00631,-2.9612,
1.00038,-1.0063,-2.97341,
1.00038,-1.0063,-2.98524,
1.00038,-1.0063,-2.99627,
1.00038,-1.0063,-3.0073,
1.00038,-1.0063,-3.01833,
1.00038,-1.0063,-3.02779,
1.00038,-1.0063,-3.03804,
1.00038,-1.0063,-3.04749,
1.00033,-1.0063,-3.05656,
1.00038,-1.0063,-3.06483,
1.00038,-1.0063,-3.0735,
1.00038,-1.0063,-3.08138,
1.00033,-1.0063,-3.08808,
1.00038,-1.0063,-3.09478,
1.00038,-1.0063,-3.10108,
1.00038,-1.0063,-3.10739,
1.00038,-1.0063,-3.1129,
1.00033,-1.0063,-3.11803,
1.00033,-1.0063,-3.12275,
1.00038,-1.0063,-3.12709,
1.00038,-1.0063,-3.13103,
1.00038,-1.0063,-3.13418,
1.00038,-1.0063,-3.13733,
1.00038,-1.0063,-3.1397,
1.00038,-1.0063,-3.14127,
1.00038,-1.0063,-3.14285,
1.00038,-1.0063,-3.14364,
1.00038,-1.0063,-3.14364,
1.00038,-1.0063,-3.14364,
1.00038,-1.0063,-3.14364,
1.00038,-1.0063,-3.14364,
1.00033,-1.0063,-3.14324,
1.00023,-1.0063,-3.14324,
1.00002,-1.0063,-3.14324,
0.999816,-1.0063,-3.14246,
0.999508,-1.0063,-3.14246,
0.999201,-1.0063,-3.14246,
0.998791,-1.0063,-3.14246,
0.998433,-1.0063,-3.14206,
0.99792,-1.0063,-3.14206,
0.997408,-1.0063,-3.14127,
0.996845,-1.0063,-3.14167,
0.99623,-1.0063,-3.14088,
0.995513,-1.0063,-3.14088,
0.994796,-1.0063,-3.14088,
0.994027,-1.0063,-3.14049,
0.993208,-1.0063,-3.14049,
0.992286,-1.0063,-3.14049,
0.991415,-1.0063,-3.14009,
0.99039,-1.0063,-3.14009,
0.989417,-1.00631,-3.1397,
0.98829,-1.00631,-3.1397,
0.987214,-1.00631,-3.1393,
0.985985,-1.00631,-3.1393,
0.984807,-1.00631,-3.13891,
0.983475,-1.00632,-3.13891,
0.982194,-1.00632,-3.13852,
0.980811,-1.00633,-3.13812,
0.979377,-1.00633,-3.13812,
0.977943,-1.00634,-3.13812,
0.976457,-1.00634,-3.13773,
0.974818,-1.00635,-3.13773,
0.97323,-1.00635,-3.13733,
0.971488,-1.00636,-3.13733,
0.969798,-1.00637,-3.13773,
0.968056,-1.00638,-3.13773,
0.966212,-1.00638,-3.13773,
0.964317,-1.00639,-3.13812,
0.962422,-1.0064,-3.13852,
0.960373,-1.0064,-3.13852,
0.958375,-1.00641,-3.13891,
0.956326,-1.00641,-3.13891,
0.954226,-1.00642,-3.1393,
0.952023,-1.00642,-3.13891,
0.94982,-1.00643,-3.1393,
0.947515,-1.00644,-3.1397,
0.94521,-1.00644,-3.14009,
0.942854,-1.00644,-3.14009,
0.940446,-1.00645,-3.14049,
0.937885,-1.00645,-3.14049,
0.935426,-1.00645,-3.14049,
0.932814,-1.00646,-3.14088,
0.930201,-1.00646,-3.14127,
0.927537,-1.00646,-3.14127,
0.924822,-1.00646,-3.14167,
0.922005,-1.00646,-3.14127,
0.919239,-1.00646,-3.14206,
0.916319,-1.00646,-3.14167,
0.913399,-1.00646,-3.14206,
0.910531,-1.00646,-3.14127,
0.907611,-1.00646,-3.14088,
0.904742,-1.00646,-3.14088,
0.901822,-1.00646,-3.14049,
0.898903,-1.00647,-3.14088,
0.895983,-1.00647,-3.14127,
0.893114,-1.00647,-3.14127,
0.890246,-1.00647,-3.14206,
0.887326,-1.00647,-3.14167,
0.884406,-1.00647,-3.14127,
0.881486,-1.00647,-3.14088,
0.878617,-1.00647,-3.14009,
0.875749,-1.00647,-3.14009,
0.872829,-1.00648,-3.14049,
0.869909,-1.00648,-3.14088,
0.866989,-1.00648,-3.14127,
0.864121,-1.00649,-3.14127,
0.861201,-1.00649,-3.14167,
0.858332,-1.00649,-3.14167,
0.855413,-1.00649,-3.14127,
0.852493,-1.00649,-3.14088,
0.849624,-1.00649,-3.14009,
0.846704,-1.00649,-3.1397,
0.843836,-1.0065,-3.14049,
0.840916,-1.0065,-3.14088,
0.837996,-1.0065,-3.14127,
0.835127,-1.00651,-3.14127,
0.832208,-1.00651,-3.14167,
0.829339,-1.00651,-3.14167,
0.826419,-1.00651,-3.14127,
0.823499,-1.00651,-3.14088,
0.82058,-1.00651,-3.14049,
0.817711,-1.00651,-3.1397,
0.814842,-1.00652,-3.14049,
0.811923,-1.00652,-3.14088,
0.809003,-1.00652,-3.14127,
0.806083,-1.00652,-3.14167,
0.803214,-1.00652,-3.14167,
0.800346,-1.00652,-3.14167,
0.797426,-1.00652,-3.14127,
0.794506,-1.00652,-3.14088,
0.791586,-1.00653,-3.14049,
0.788718,-1.00653,-3.1397,
0.785849,-1.00653,-3.14049,
0.782929,-1.00654,-3.14088,
0.780009,-1.00654,-3.14127,
0.77709,-1.00654,-3.14167,
0.774221,-1.00654,-3.14167,
0.771301,-1.00654,-3.14127,
0.768433,-1.00654,-3.14127,
0.765513,-1.00654,-3.14088,
0.762593,-1.00654,-3.14049,
0.759724,-1.00655,-3.1397,
0.756804,-1.00655,-3.14009,
0.753936,-1.00656,-3.14088,
0.751016,-1.00656,-3.14127,
0.748096,-1.00656,-3.14167,
0.745228,-1.00656,-3.14167,
0.742308,-1.00656,-3.14127,
0.739439,-1.00656,-3.14127,
0.736519,-1.00656,-3.14088,
0.7336,-1.00656,-3.14049,
0.73068,-1.00657,-3.14009,
0.727811,-1.00657,-3.14009,
0.724943,-1.00658,-3.14088,
0.722023,-1.00658,-3.14127,
0.719103,-1.00658,-3.14167,
0.716234,-1.00658,-3.14167,
0.713314,-1.00658,-3.14127,
0.710446,-1.00658,-3.14127,
0.707526,-1.00658,-3.14088,
0.704606,-1.00658,-3.14049,
0.701686,-1.00659,-3.14009,
0.698818,-1.00659,-3.14009,
0.695949,-1.00659,-3.14088,
0.693029,-1.0066,-3.14127,
0.69011,-1.0066,-3.14167,
0.68719,-1.0066,-3.14206,
0.684321,-1.0066,-3.14127,
0.681401,-1.0066,-3.14088,
0.678533,-1.0066,-3.14088,
0.675613,-1.0066,-3.14049,
0.672693,-1.0066,-3.14088,
0.669824,-1.00661,-3.14088,
0.666905,-1.00661,-3.14127,
0.664036,-1.00661,-3.14206,
0.661116,-1.00661,-3.14246,
0.658196,-1.0066,-3.14206,
0.655328,-1.0066,-3.14127,
0.652408,-1.0066,-3.14088,
0.649539,-1.00661,-3.14088,
0.64662,-1.00661,-3.14049,
0.6437,-1.00661,-3.14088,
0.640831,-1.00661,-3.14088,
0.637911,-1.00662,-3.14127,
0.635043,-1.00662,-3.14206,
0.632123,-1.00662,-3.14246,
0.629203,-1.00661,-3.14206,
0.626283,-1.00661,-3.14167,
0.623415,-1.00661,-3.14088,
0.620546,-1.00661,-3.14088,
0.617626,-1.00662,-3.14049,
0.614706,-1.00662,-3.14088,
0.611787,-1.00662,-3.14127,
0.608918,-1.00662,-3.14127,
0.606049,-1.00662,-3.14206,
0.60313,-1.00662,-3.14167,
0.60021,-1.00662,-3.14127,
0.59729,-1.00662,-3.14088,
0.594421,-1.00662,-3.14009,
0.591553,-1.00663,-3.14009,
0.588633,-1.00663,-3.14049,
0.585713,-1.00664,-3.14088,
0.582793,-1.00664,-3.14127,
0.579925,-1.00664,-3.14127,
0.577005,-1.00664,-3.14167,
0.574136,-1.00664,-3.14167,
0.571216,-1.00664,-3.14127,
0.568297,-1.00664,-3.14088,
0.565428,-1.00664,-3.14009,
0.562508,-1.00665,-3.1397,
0.55964,-1.00665,-3.14049,
0.55672,-1.00666,-3.14088,
0.5538,-1.00666,-3.14127,
0.550931,-1.00666,-3.14127,
0.548011,-1.00666,-3.14167,
0.545143,-1.00666,-3.14167,
0.542223,-1.00666,-3.14127,
0.539303,-1.00666,-3.14088,
0.536383,-1.00666,-3.14049,
0.533515,-1.00666,-3.1397,
0.530646,-1.00667,-3.14049,
0.527726,-1.00667,-3.14088,
0.524807,-1.00668,-3.14127,
0.521887,-1.00668,-3.14167,
0.519018,-1.00668,-3.14167,
0.51615,-1.00668,-3.14167,
0.51323,-1.00668,-3.14127,
0.51031,-1.00668,-3.14088,
0.50739,-1.00668,-3.14049,
0.504521,-1.00668,-3.1397,
0.501653,-1.00669,-3.14049,
0.498733,-1.00669,-3.14088,
0.495813,-1.00669,-3.14127,
0.492893,-1.00669,-3.14167,
0.490025,-1.00669,-3.14167,
0.487105,-1.00669,-3.14127,
0.484236,-1.00669,-3.14127,
0.481317,-1.0067,-3.14088,
0.478397,-1.0067,-3.14049,
0.475528,-1.0067,-3.1397,
0.472608,-1.00671,-3.14009,
0.46974,-1.00671,-3.14088,
0.46682,-1.00671,-3.14127,
0.4639,-1.00671,-3.14167,
0.461031,-1.00671,-3.14167,
0.458112,-1.00671,-3.14127,
0.455243,-1.00671,-3.14127,
0.452323,-1.00671,-3.14088,
0.449403,-1.00672,-3.14049,
0.446484,-1.00672,-3.14009,
0.443615,-1.00672,-3.14009,
0.440746,-1.00673,-3.14088,
0.437827,-1.00673,-3.14127,
0.434907,-1.00673,-3.14167,
0.431987,-1.00673,-3.14206,
0.429118,-1.00673,-3.14127,
0.42625,-1.00673,-3.14127,
0.42333,-1.00673,-3.14088,
0.42041,-1.00673,-3.14049,
0.41749,-1.00674,-3.14009,
0.414622,-1.00674,-3.14009,
0.411753,-1.00675,-3.14088,
0.408833,-1.00675,-3.14127,
0.405913,-1.00675,-3.14167,
0.402994,-1.00675,-3.14206,
0.400125,-1.00675,-3.14127,
0.397205,-1.00675,-3.14088,
0.394336,-1.00675,-3.14088,
0.391417,-1.00675,-3.14049,
0.388497,-1.00676,-3.14088,
0.385628,-1.00676,-3.14088,
0.382708,-1.00676,-3.14127,
0.37984,-1.00676,-3.14206,
0.37692,-1.00676,-3.14246,
0.374,-1.00676,-3.14206,
0.371132,-1.00676,-3.14127,
0.368212,-1.00676,-3.14088,
0.365343,-1.00676,-3.14088,
0.362423,-1.00676,-3.14049,
0.359504,-1.00676,-3.14088,
0.356584,-1.00677,-3.14127,
0.353715,-1.00677,-3.14127,
0.350846,-1.00677,-3.14206,
0.347927,-1.00677,-3.14167,
0.345007,-1.00677,-3.14127,
0.342087,-1.00677,-3.14088,
0.339218,-1.00677,-3.14009,
0.33635,-1.00677,-3.14009,
0.33343,-1.00678,-3.14049,
0.33051,-1.00678,-3.14088,
0.32759,-1.00678,-3.14127,
0.324722,-1.00678,-3.14127,
0.321802,-1.00678,-3.14167,
0.318933,-1.00678,-3.14167,
0.316013,-1.00678,-3.14127,
0.313094,-1.00679,-3.14088,
0.310225,-1.00679,-3.14009,
0.307305,-1.00679,-3.1397,
0.304437,-1.0068,-3.14049,
0.301517,-1.0068,-3.14088,
0.298597,-1.0068,-3.14127,
0.295728,-1.0068,-3.14127,
0.292809,-1.0068,-3.14167,
0.28994,-1.0068,-3.14167,
0.28702,-1.0068,-3.14127,
0.2841,-1.0068,-3.14088,
0.281181,-1.00681,-3.14049,
0.278312,-1.00681,-3.1397,
0.275443,-1.00682,-3.14049,
0.272523,-1.00682,-3.14088,
0.269604,-1.00682,-3.14127,
0.266684,-1.00682,-3.14167,
0.263815,-1.00682,-3.14167,
0.260947,-1.00682,-3.14167,
0.258027,-1.00682,-3.14127,
0.255107,-1.00682,-3.14088,
0.252187,-1.00682,-3.14049,
0.249319,-1.00683,-3.1397,
0.24645,-1.00683,-3.14049,
0.24353,-1.00684,-3.14088,
0.24061,-1.00684,-3.14127,
0.237691,-1.00684,-3.14167,
0.234822,-1.00684,-3.14167,
0.231902,-1.00684,-3.14127,
0.229033,-1.00684,-3.14127,
0.226114,-1.00684,-3.14088,
0.223194,-1.00684,-3.14049,
0.220325,-1.00685,-3.1397,
0.217405,-1.00685,-3.14009,
0.214537,-1.00686,-3.14088,
0.211617,-1.00686,-3.14127,
0.208697,-1.00686,-3.14167,
0.205829,-1.00686,-3.14167,
0.202909,-1.00686,-3.14127,
0.20004,-1.00686,-3.14127,
0.19712,-1.00686,-3.14088,
0.1942,-1.00686,-3.14049,
0.191281,-1.00686,-3.14009,
0.188412,-1.00687,-3.14009,
0.185543,-1.00687,-3.14088,
0.182624,-1.00688,-3.14127,
0.179704,-1.00688,-3.14167,
0.176784,-1.00688,-3.14206,
0.173915,-1.00687,-3.14127,
0.171047,-1.00688,-3.14127,
0.168127,-1.00688,-3.14088,
0.165207,-1.00688,-3.14049,
0.162287,-1.00688,-3.14009,
0.159419,-1.00689,-3.14009,
0.15655,-1.00689,-3.14088,
0.15363,-1.00689,-3.14127,
0.15071,-1.00689,-3.14167,
0.147791,-1.00689,-3.14206,
0.144922,-1.00689,-3.14127,
0.142002,-1.00689,-3.14088,
0.139134,-1.0069,-3.14088,
0.136214,-1.0069,-3.14049,
0.133294,-1.0069,-3.14088,
0.130425,-1.0069,-3.14088,
0.127506,-1.0069,-3.14127,
0.124637,-1.00691,-3.14206,
0.121717,-1.0069,-3.14246,
0.118797,-1.0069,-3.14206,
0.115929,-1.0069,-3.14127,
0.113009,-1.0069,-3.14088,
0.11014,-1.0069,-3.14088,
0.10722,-1.00691,-3.14049,
0.104301,-1.00691,-3.14088,
0.101432,-1.00691,-3.14088,
0.0985122,-1.00691,-3.14127,
0.0956436,-1.00691,-3.14206,
0.0927238,-1.00691,-3.14246,
0.089804,-1.00691,-3.14206,
0.0868841,-1.00691,-3.14167,
0.0840155,-1.00691,-3.14088,
0.0811469,-1.00691,-3.14088,
0.0782271,-1.00691,-3.14049,
0.0753073,-1.00692,-3.14088,
0.0723875,-1.00692,-3.14127,
0.0695189,-1.00692,-3.14127,
0.0665991,-1.00692,-3.14167,
0.0637305,-1.00692,-3.14167,
0.0608106,-1.00692,-3.14127,
0.0578908,-1.00692,-3.14088,
0.0550222,-1.00692,-3.14009,
0.0521536,-1.00693,-3.14009,
0.0492338,-1.00693,-3.14049,
0.046314,-1.00693,-3.14088,
0.0433941,-1.00694,-3.14127,
0.0405255,-1.00694,-3.14127,
0.0376057,-1.00694,-3.14167,
0.0347371,-1.00694,-3.14167,
0.0318173,-1.00694,-3.14127,
0.0288975,-1.00694,-3.14088,
0.0260289,-1.00694,-3.14009,
0.023109,-1.00694,-3.1397,
0.0202404,-1.00695,-3.14049,
0.0173206,-1.00695,-3.14088,
0.0144008,-1.00696,-3.14127,
0.0115322,-1.00696,-3.14127,
0.00861238,-1.00696,-3.14167,
0.00574378,-1.00696,-3.14167,
0.00282395,-1.00696,-3.14127,
-9.58741e-05,-1.00696,-3.14088,
-0.0030157,-1.00696,-3.14049,
-0.0058843,-1.00696,-3.1397,
-0.0058843,-1.00696,-3.1397,
-0.0058843,-1.00696,-3.1397,
-0.0058843,-1.00696,-3.1397,
-0.00593552,-1.00696,-3.14009,
-0.00593552,-1.00696,-3.14088,
-0.00593552,-1.00696,-3.14246,
-0.00593552,-1.00696,-3.14403,
-0.00593552,-1.00696,-3.1464,
-0.00593552,-1.00696,-3.14876,
-0.00593552,-1.00696,-3.15191,
-0.00593552,-1.00696,-3.15507,
-0.00593552,-1.00696,-3.15822,
-0.00593552,-1.00696,-3.16216,
-0.00593552,-1.00696,-3.1661,
-0.00593552,-1.00696,-3.17004,
-0.00593552,-1.00696,-3.17477,
-0.00593552,-1.00696,-3.18028,
-0.00593552,-1.00696,-3.18659,
-0.00593552,-1.00696,-3.19289,
-0.00593552,-1.00696,-3.19999,
-0.00593552,-1.00696,-3.20629,
-0.00593552,-1.00696,-3.21417,
-0.00593552,-1.00696,-3.22205,
-0.00593552,-1.00696,-3.23072,
-0.00593552,-1.00696,-3.2386,
-0.00593552,-1.00696,-3.24806,
-0.00593552,-1.00696,-3.25752,
-0.00593552,-1.00696,-3.26697,
-0.00593552,-1.00696,-3.27722,
-0.00593552,-1.00696,-3.28825,
-0.00593552,-1.00696,-3.2985,
-0.00593552,-1.00696,-3.31032,
-0.00593552,-1.00696,-3.32214,
-0.00593552,-1.00696,-3.33396,
-0.00593552,-1.00696,-3.34657,
-0.00593552,-1.00696,-3.35997,
-0.00593552,-1.00696,-3.37258,
-0.00593552,-1.00696,-3.38676,
-0.00593552,-1.00696,-3.40016,
-0.00593552,-1.00696,-3.41513,
-0.00593552,-1.00696,-3.42932,
-0.00593552,-1.00696,-3.44508,
-0.00593552,-1.00696,-3.46005,
-0.00593552,-1.00696,-3.4766,
-0.00593552,-1.00696,-3.49236,
-0.00593552,-1.00696,-3.5097,
-0.00593552,-1.00696,-3.52625,
-0.00593552,-1.00696,-3.54438,
-0.00593552,-1.00696,-3.56171,
-0.00593552,-1.00696,-3.58063,
-0.00593552,-1.00696,-3.59875,
-0.00593552,-1.00696,-3.61846,
-0.00593552,-1.00696,-3.63737,
-0.00593552,-1.00696,-3.65707,
-0.00593552,-1.00696,-3.67756,
-0.00593552,-1.00696,-3.69805,
-0.00593552,-1.00696,-3.71854,
-0.00593552,-1.00696,-3.74061,
-0.00593552,-1.00696,-3.76189,
-0.00593552,-1.00696,-3.78395,
-0.00593552,-1.00696,-3.80681,
-0.00593552,-1.00696,-3.82887,
-0.00593552,-1.00696,-3.85094,
-0.00593552,-1.00696,-3.87379,
-0.00593552,-1.00696,-3.89586,
-0.00593552,-1.00696,-3.91792,
-0.00593552,-1.00696,-3.93999,
-0.00593552,-1.00696,-3.96284,
-0.00593552,-1.00696,-3.98491,
-0.00593552,-1.00696,-4.00698,
-0.00593552,-1.00696,-4.02983,
-0.00593552,-1.00696,-4.0519,
-0.00593552,-1.00696,-4.07396,
-0.00593552,-1.00696,-4.09682,
-0.00593552,-1.00696,-4.11888,
-0.00593552,-1.00696,-4.14016,
-0.00593552,-1.00696,-4.16223,
-0.00593552,-1.00696,-4.18272,
-0.00593552,-1.00696,-4.20321,
-0.00593552,-1.00696,-4.2237,
-0.00593552,-1.00696,-4.2434,
-0.00593552,-1.00696,-4.26231,
-0.00593552,-1.00696,-4.28202,
-0.00593552,-1.00696,-4.30014,
-0.00593552,-1.00696,-4.31906,
-0.00593552,-1.00696,-4.33639,
-0.00593552,-1.00696,-4.35452,
-0.00593552,-1.00696,-4.37107,
-0.00593552,-1.00696,-4.38841,
-0.00593552,-1.00696,-4.40417,
-0.00593552,-1.00696,-4.42072,
-0.00593552,-1.00696,-4.43569,
-0.00593552,-1.00696,-4.45066,
-0.00593552,-1.00696,-4.46485,
-0.00593552,-1.00696,-4.47904,
-0.00593552,-1.00696,-4.49243,
-0.00593552,-1.00696,-4.50583,
-0.00592502,-1.00701,-4.51883,
-0.00593487,-1.00696,-4.53105,
-0.00593487,-1.00696,-4.54366,
-0.00593487,-1.00696,-4.55469,
-0.00593487,-1.00696,-4.56651,
-0.00593487,-1.00696,-4.57754,
-0.00593487,-1.00696,-4.58779,
-0.00593487,-1.00696,-4.59803,
-0.00593487,-1.00696,-4.60828,
-0.00593487,-1.00696,-4.61695,
-0.00593487,-1.00696,-4.62641,
-0.00593487,-1.00696,-4.63507,
-0.00593487,-1.00696,-4.64374,
-0.00593487,-1.00696,-4.65084,
-0.00593487,-1.00696,-4.65793,
-0.00593487,-1.00696,-4.66502,
-0.00593487,-1.00696,-4.67133,
-0.00593487,-1.00696,-4.67763,
-0.00593487,-1.00696,-4.68236,
-0.00593487,-1.00696,-4.68788,
-0.00593487,-1.00696,-4.6926,
-0.00593487,-1.00696,-4.69733,
-0.00593487,-1.00696,-4.70127,
-0.00593487,-1.00696,-4.70443,
-0.00593487,-1.00696,-4.70758,
-0.00593487,-1.00696,-4.70994,
-0.00593487,-1.00696,-4.71152,
-0.00593482,-1.00701,-4.71191,
-0.00593482,-1.00701,-4.71191,
-0.00593482,-1.00701,-4.71191,
-0.00593482,-1.00701,-4.71191,
-0.00593482,-1.00701,-4.71191,
-0.00593482,-1.00701,-4.71191,
-0.00593487,-1.00691,-4.71191,
-0.0059349,-1.00686,-4.71152,
-0.00593508,-1.00666,-4.71152,
-0.0059353,-1.0064,-4.71112,
-0.00593569,-1.00609,-4.71112,
-0.00593601,-1.00584,-4.71073,
-0.00593669,-1.00543,-4.71073,
-0.00593737,-1.00502,-4.71073,
-0.00593814,-1.00456,-4.71034,
-0.00593929,-1.00399,-4.70994,
-0.0059408,-1.00338,-4.70994,
-0.00594218,-1.00281,-4.70955,
-0.00594421,-1.0021,-4.70955,
-0.00594611,-1.00143,-4.70915,
-0.00594876,-1.00061,-4.70915,
-0.00595124,-0.999843,-4.70876,
-0.00595459,-0.998921,-4.70876,
-0.00595775,-0.99805,-4.70837,
-0.00596187,-0.997025,-4.70837,
-0.00596579,-0.996052,-4.70797,
-0.00597077,-0.994925,-4.70797,
-0.00597552,-0.993849,-4.70837,
-0.00598047,-0.99262,-4.70837,
-0.00598521,-0.991442,-4.70876,
-0.00599004,-0.99011,-4.70876,
-0.00599469,-0.988829,-4.70915,
-0.00599933,-0.987395,-4.70915,
-0.0060038,-0.986012,-4.70955,
-0.00600817,-0.984475,-4.70955,
-0.00601239,-0.98299,-4.70994,
-0.00601615,-0.981453,-4.70994,
-0.00602016,-0.979814,-4.71073,
-0.00602297,-0.978123,-4.71034,
-0.00602644,-0.976433,-4.71073,
-0.0060295,-0.974589,-4.71073,
-0.00603247,-0.972796,-4.71112,
-0.0060348,-0.970952,-4.71112,
-0.0060372,-0.969056,-4.71152,
-0.00603899,-0.967007,-4.71152,
-0.00604073,-0.96501,-4.71191,
-0.00604171,-0.962961,-4.71191,
-0.00604271,-0.96086,-4.71231,
-0.00604289,-0.958607,-4.71231,
-0.00604308,-0.956404,-4.7127,
-0.00604238,-0.95415,-4.7127,
-0.00604166,-0.951845,-4.71309,
-0.00603993,-0.949386,-4.71309,
-0.00603823,-0.946979,-4.71349,
-0.00603553,-0.94452,-4.71349,
-0.00603277,-0.94201,-4.71309,
-0.00603096,-0.939448,-4.71309,
-0.00602912,-0.936836,-4.7127,
-0.00602826,-0.93407,-4.7127,
-0.00602745,-0.931457,-4.71231,
-0.00602768,-0.928589,-4.71231,
-0.00602792,-0.925771,-4.71191,
-0.00602929,-0.922903,-4.71191,
-0.00603068,-0.919983,-4.71152,
-0.00603318,-0.917114,-4.71152,
-0.00603568,-0.914246,-4.71073,
-0.00604052,-0.911326,-4.71034,
-0.00604652,-0.908406,-4.70994,
-0.00605366,-0.905486,-4.70955,
-0.00606181,-0.902618,-4.71034,
-0.0060677,-0.899749,-4.71034,
-0.0060737,-0.896829,-4.71073,
-0.00607854,-0.893909,-4.71112,
-0.00608224,-0.89099,-4.71152,
-0.00608478,-0.88807,-4.71112,
-0.00608834,-0.885252,-4.71073,
-0.00609319,-0.882333,-4.71034,
-0.00609918,-0.879413,-4.70994,
-0.00610633,-0.876493,-4.70955,
-0.00611463,-0.873573,-4.70994,
-0.00612152,-0.870756,-4.71034,
-0.00612752,-0.867836,-4.71073,
-0.00613236,-0.864916,-4.71112,
-0.00613605,-0.861996,-4.71152,
-0.0061386,-0.859077,-4.71112,
-0.00614216,-0.856259,-4.71073,
-0.00614701,-0.853339,-4.71034,
-0.006153,-0.85042,-4.70994,
-0.00616015,-0.8475,-4.70955,
-0.00616844,-0.84458,-4.70994,
-0.00617546,-0.841711,-4.71073,
-0.00618022,-0.838843,-4.71073,
-0.00618507,-0.835923,-4.71112,
-0.00618876,-0.833003,-4.71073,
-0.00619361,-0.830083,-4.71034,
-0.00619949,-0.827215,-4.71034,
-0.00620538,-0.824346,-4.70955,
-0.00621368,-0.821426,-4.70994,
-0.00622083,-0.818506,-4.71034,
-0.00622682,-0.815587,-4.71073,
-0.00623158,-0.812718,-4.71152,
-0.00623408,-0.809849,-4.71152,
-0.00623662,-0.80693,-4.71112,
-0.00624032,-0.80401,-4.71073,
-0.00624516,-0.80109,-4.71034,
-0.00625105,-0.798221,-4.71034,
-0.00625694,-0.795353,-4.70955,
-0.00626524,-0.792433,-4.70994,
-0.00627238,-0.789513,-4.71034,
-0.00627838,-0.786593,-4.71073,
-0.00628322,-0.783673,-4.71112,
-0.00628679,-0.780856,-4.71152,
-0.00628933,-0.777936,-4.71112,
-0.00629302,-0.775016,-4.71073,
-0.00629787,-0.772097,-4.71034,
-0.00630386,-0.769177,-4.70994,
-0.00631088,-0.766308,-4.70994,
-0.0063179,-0.76344,-4.70994,
-0.00632505,-0.76052,-4.71034,
-0.00633104,-0.7576,-4.71073,
-0.00633589,-0.75468,-4.71112,
-0.00633945,-0.751863,-4.71152,
-0.006342,-0.748943,-4.71112,
-0.00634569,-0.746023,-4.71073,
-0.00635054,-0.743103,-4.71034,
-0.00635653,-0.740184,-4.70994,
-0.00636355,-0.737315,-4.70994,
-0.00637057,-0.734446,-4.70994,
-0.00637772,-0.731527,-4.71034,
-0.00638371,-0.728607,-4.71073,
-0.00638856,-0.725687,-4.71112,
-0.00639225,-0.722767,-4.71152,
-0.0063947,-0.71995,-4.71112,
-0.0063984,-0.71703,-4.71073,
-0.00640324,-0.71411,-4.71034,
-0.00640924,-0.71119,-4.70994,
-0.00641626,-0.708322,-4.70994,
-0.00642328,-0.705453,-4.70994,
-0.00643042,-0.702533,-4.71034,
-0.00643642,-0.699613,-4.71073,
-0.00644126,-0.696694,-4.71112,
-0.00644496,-0.693774,-4.71152,
-0.00644741,-0.690956,-4.71112,
-0.0064511,-0.688037,-4.71073,
-0.00645595,-0.685117,-4.71034,
-0.00646194,-0.682197,-4.70994,
-0.00646909,-0.679277,-4.70955,
-0.00647724,-0.676409,-4.71034,
-0.00648313,-0.67354,-4.71034,
-0.00648913,-0.67062,-4.71073,
-0.00649397,-0.6677,-4.71112,
-0.00649766,-0.66478,-4.71152,
-0.00650016,-0.661912,-4.71152,
-0.00650266,-0.659043,-4.71073,
-0.00650751,-0.656123,-4.71034,
-0.0065135,-0.653204,-4.70994,
-0.00652065,-0.650284,-4.70955,
-0.0065288,-0.647415,-4.71034,
-0.00653469,-0.644547,-4.71034,
-0.00654068,-0.641627,-4.71073,
-0.00654553,-0.638707,-4.71112,
-0.00654922,-0.635787,-4.71152,
-0.00655172,-0.632919,-4.71152,
-0.00655422,-0.63005,-4.71073,
-0.00655906,-0.62713,-4.71034,
-0.00656506,-0.62421,-4.70994,
-0.0065722,-0.621291,-4.70955,
-0.00658035,-0.618422,-4.71034,
-0.00658624,-0.615553,-4.71034,
-0.00659224,-0.612634,-4.71073,
-0.00659708,-0.609714,-4.71112,
-0.00660078,-0.606794,-4.71152,
-0.00660332,-0.603874,-4.71112,
-0.00660688,-0.601057,-4.71073,
-0.00661173,-0.598137,-4.71034,
-0.00661772,-0.595217,-4.70994,
-0.00662487,-0.592297,-4.70955,
-0.00663317,-0.589377,-4.70994,
-0.00664006,-0.58656,-4.71034,
-0.00664606,-0.58364,-4.71073,
-0.0066509,-0.58072,-4.71112,
-0.00665459,-0.577801,-4.71152,
-0.00665714,-0.574881,-4.71112,
-0.00666077,-0.572012,-4.71112,
-0.0066644,-0.569144,-4.71034,
-0.00667039,-0.566224,-4.70994,
-0.00667754,-0.563304,-4.70955,
-0.00668583,-0.560384,-4.70994,
-0.00669285,-0.557516,-4.71073,
-0.00669761,-0.554647,-4.71073,
-0.00670246,-0.551727,-4.71112,
-0.00670615,-0.548807,-4.71073,
-0.00671099,-0.545887,-4.71034,
-0.00671688,-0.543019,-4.71034,
-0.00672277,-0.54015,-4.70955,
-0.00673107,-0.53723,-4.70994,
-0.00673822,-0.534311,-4.71034,
-0.00674421,-0.531391,-4.71073,
-0.00674906,-0.528471,-4.71112,
-0.00675262,-0.525654,-4.71152,
-0.00675516,-0.522734,-4.71112,
-0.00675886,-0.519814,-4.71073,
-0.0067637,-0.516894,-4.71034,
-0.0067697,-0.513974,-4.70994,
-0.00677659,-0.511157,-4.70955,
-0.00678489,-0.508237,-4.70994,
-0.00679203,-0.505317,-4.71034,
-0.00679803,-0.502398,-4.71073,
-0.00680287,-0.499478,-4.71112,
-0.00680644,-0.49666,-4.71152,
-0.00680898,-0.493741,-4.71112,
-0.00681267,-0.490821,-4.71073,
-0.00681752,-0.487901,-4.71034,
-0.00682351,-0.484981,-4.70994,
-0.00683053,-0.482112,-4.70994,
-0.00683755,-0.479244,-4.70994,
-0.0068447,-0.476324,-4.71034,
-0.00685069,-0.473404,-4.71073,
-0.00685554,-0.470484,-4.71112,
-0.00685917,-0.467616,-4.71191,
-0.00686054,-0.464747,-4.71112,
-0.00686423,-0.461827,-4.71073,
-0.00686908,-0.458908,-4.71034,
-0.00687507,-0.455988,-4.70994,
-0.00688209,-0.453119,-4.70994,
-0.00688911,-0.450251,-4.70994,
-0.00689626,-0.447331,-4.71034,
-0.00690225,-0.444411,-4.71073,
-0.0069071,-0.441491,-4.71112,
-0.00691079,-0.438571,-4.71152,
-0.00691324,-0.435754,-4.71112,
-0.00691694,-0.432834,-4.71073,
-0.00692178,-0.429914,-4.71034,
-0.00692778,-0.426994,-4.70994,
-0.00693492,-0.424075,-4.70955,
-0.00694293,-0.421257,-4.70994,
-0.00695007,-0.418337,-4.71034,
-0.00695607,-0.415418,-4.71073,
-0.00696091,-0.412498,-4.71112,
-0.00696461,-0.409578,-4.71152,
-0.00696706,-0.406761,-4.71112,
-0.00697076,-0.403841,-4.71073,
-0.0069756,-0.400921,-4.71034,
-0.00698159,-0.398001,-4.70994,
-0.00698874,-0.395081,-4.70955,
-0.00699689,-0.392213,-4.71034,
-0.00700278,-0.389344,-4.71034,
-0.00700878,-0.386424,-4.71073,
-0.00701362,-0.383505,-4.71112,
-0.00701731,-0.380585,-4.71152,
-0.00701981,-0.377716,-4.71152,
-0.00702231,-0.374847,-4.71073,
-0.00702716,-0.371928,-4.71034,
-0.00703315,-0.369008,-4.70994,
-0.0070403,-0.366088,-4.70955,
-0.00704845,-0.363219,-4.71034,
-0.00705434,-0.360351,-4.71034,
-0.00706033,-0.357431,-4.71073,
-0.00706518,-0.354511,-4.71112,
-0.00706887,-0.351591,-4.71152,
-0.00707141,-0.348672,-4.71112,
-0.00707498,-0.345854,-4.71073,
-0.00707982,-0.342934,-4.71034,
-0.00708582,-0.340015,-4.70994,
-0.00709296,-0.337095,-4.70955,
-0.00710126,-0.334175,-4.70994,
-0.00710815,-0.331358,-4.71034,
-0.00711415,-0.328438,-4.71073,
-0.00711899,-0.325518,-4.71112,
-0.00712269,-0.322598,-4.71152,
-0.00712523,-0.319678,-4.71112,
-0.0071288,-0.316861,-4.71073,
-0.00713364,-0.313941,-4.71034,
-0.00713964,-0.311021,-4.70994,
-0.00714678,-0.308101,-4.70955,
-0.00715508,-0.305182,-4.70994,
-0.0071621,-0.302313,-4.71073,
-0.00716686,-0.299444,-4.71073,
-0.0071717,-0.296525,-4.71112,
-0.00717539,-0.293605,-4.71073,
-0.00718024,-0.290685,-4.71034,
-0.00718613,-0.287816,-4.71034,
-0.00719202,-0.284948,-4.70955,
-0.00720032,-0.282028,-4.70994,
-0.00720746,-0.279108,-4.71034,
-0.00721346,-0.276188,-4.71073,
-0.00721822,-0.27332,-4.71152,
-0.00722071,-0.270451,-4.71152,
-0.00722326,-0.267531,-4.71112,
-0.00722695,-0.264612,-4.71073,
-0.0072318,-0.261692,-4.71034,
-0.00723769,-0.258823,-4.71034,
-0.00724358,-0.255954,-4.70955,
-0.00725187,-0.253035,-4.70994,
-0.00725902,-0.250115,-4.71034,
-0.00726501,-0.247195,-4.71073,
-0.00726986,-0.244275,-4.71112,
-0.00727342,-0.241458,-4.71152,
-0.00727596,-0.238538,-4.71112,
-0.00727966,-0.235618,-4.71073,
-0.0072845,-0.232698,-4.71034,
-0.0072905,-0.229779,-4.70994,
-0.00729752,-0.22691,-4.70994,
-0.00730454,-0.224041,-4.70994,
-0.00731168,-0.221122,-4.71034,
-0.00731768,-0.218202,-4.71073,
-0.00732252,-0.215282,-4.71112,
-0.00732609,-0.212465,-4.71152,
-0.00732863,-0.209545,-4.71112,
-0.00733233,-0.206625,-4.71073,
-0.00733717,-0.203705,-4.71034,
-0.00734316,-0.200785,-4.70994,
-0.00735018,-0.197917,-4.70994,
-0.0073572,-0.195048,-4.70994,
-0.00736435,-0.192128,-4.71034,
-0.00737035,-0.189208,-4.71073,
-0.00737519,-0.186289,-4.71112,
-0.00737888,-0.183369,-4.71152,
-0.00738134,-0.180551,-4.71112,
-0.00738503,-0.177632,-4.71073,
-0.00738988,-0.174712,-4.71034,
-0.00739587,-0.171792,-4.70994,
-0.00740289,-0.168923,-4.70994,
-0.00740991,-0.166055,-4.70994,
-0.00741706,-0.163135,-4.71034,
-0.00742305,-0.160215,-4.71073,
-0.0074279,-0.157295,-4.71112,
-0.00743159,-0.154376,-4.71152,
-0.00743405,-0.151558,-4.71112,
-0.00743774,-0.148638,-4.71073,
-0.00744258,-0.145718,-4.71034,
-0.00744858,-0.142799,-4.70994,
-0.00745572,-0.139879,-4.70955,
-0.00746387,-0.13701,-4.71034,
-0.00746976,-0.134142,-4.71034,
-0.00747576,-0.131222,-4.71073,
-0.0074806,-0.128302,-4.71112,
-0.0074843,-0.125382,-4.71152,
-0.0074868,-0.122514,-4.71152,
-0.0074893,-0.119645,-4.71073,
-0.00749414,-0.116725,-4.71034,
-0.00750014,-0.113805,-4.70994,
-0.00750728,-0.110886,-4.70955,
-0.00751543,-0.108017,-4.71034,
-0.00752132,-0.105148,-4.71034,
-0.00752732,-0.102229,-4.71073,
-0.00753216,-0.0993087,-4.71112,
-0.00753585,-0.0963889,-4.71152,
-0.00753835,-0.0935203,-4.71152,
-0.00754085,-0.0906517,-4.71073,
-0.0075457,-0.0877319,-4.71034,
-0.00755169,-0.0848121,-4.70994,
-0.00755884,-0.0818923,-4.70955,
-0.00756699,-0.0790237,-4.71034,
-0.00757288,-0.0761551,-4.71034,
-0.00757887,-0.0732353,-4.71073,
-0.00758372,-0.0703154,-4.71112,
-0.00758741,-0.0673956,-4.71152,
-0.00758995,-0.0644758,-4.71112,
-0.00759352,-0.0616584,-4.71073,
-0.00759836,-0.0587386,-4.71034,
-0.00760436,-0.0558188,-4.70994,
-0.0076115,-0.052899,-4.70955,
-0.0076198,-0.0499792,-4.70994,
-0.00762682,-0.0471106,-4.71073,
-0.00763158,-0.044242,-4.71073,
-0.00763642,-0.0413221,-4.71112,
-0.00764012,-0.0384023,-4.71073,
-0.00764496,-0.0354825,-4.71034,
-0.00765085,-0.0326139,-4.71034,
-0.00765674,-0.0297453,-4.70955,
-0.00766504,-0.0268255,-4.70994,
-0.00767218,-0.0239057,-4.71034,
-0.00767818,-0.0209859,-4.71073,
-0.00768294,-0.0181173,-4.71152,
-0.00768544,-0.0152487,-4.71152,
-0.00768798,-0.0123288,-4.71112,
-0.00769167,-0.00940902,-4.71073,
-0.00769652,-0.0064892,-4.71034,
-0.00770241,-0.00362061,-4.71034,
-0.0077083,-0.000752012,-4.70955,
-0.0077083,-0.000752012,-4.70955,
-0.0077083,-0.000752012,-4.70955,
-0.0077083,-0.000752012,-4.70955,
-0.00770844,-0.000700787,-4.70994,
-0.00770844,-0.000700787,-4.71073,
-0.00770844,-0.000700787,-4.71231,
-0.00770844,-0.000700787,-4.71388,
-0.00770844,-0.000700787,-4.71625,
-0.00770825,-0.000649562,-4.71822,
-0.00770825,-0.000649562,-4.72137,
-0.00770825,-0.000649562,-4.72452,
-0.00770825,-0.000649562,-4.72767,
-0.00770825,-0.000649562,-4.73161,
-0.00770825,-0.000649562,-4.73555,
-0.00770943,-0.000700773,-4.73989,
-0.00770943,-0.000700773,-4.74462,
-0.00770778,-0.000649575,-4.74974,
-0.00770778,-0.000649575,-4.75604,
-0.00770778,-0.000649575,-4.76235,
-0.00770778,-0.000649575,-4.76944,
-0.0077107,-0.000700717,-4.77614,
-0.00770744,-0.000649596,-4.78363,
-0.00770744,-0.000649596,-4.79151,
-0.00770744,-0.000649596,-4.80018,
-0.00771193,-0.000700624,-4.80845,
-0.00770702,-0.000649635,-4.81751,
-0.00770702,-0.000649635,-4.82697,
-0.00771287,-0.000700524,-4.83682,
-0.00770652,-0.000649695,-4.84667,
-0.00770652,-0.000649695,-4.85771,
-0.00771393,-0.00070038,-4.86835,
-0.00770598,-0.000649777,-4.87977,
-0.00770598,-0.000649777,-4.89159,
-0.00771511,-0.000700181,-4.90381,
-0.00770536,-0.000649892,-4.91602,
-0.00770536,-0.000649892,-4.92942,
-0.00770536,-0.000649892,-4.94203,
-0.00770536,-0.000649892,-4.95622,
-0.00771773,-0.000699602,-4.97001,
-0.00770468,-0.000650067,-4.98459,
-0.00771845,-0.000699406,-4.99917,
-0.00770396,-0.000650273,-5.01453,
-0.0077192,-0.000699178,-5.0299,
-0.00770321,-0.000650513,-5.04606,
-0.00771999,-0.000698913,-5.06221,
-0.00770243,-0.000650791,-5.07916,
-0.0077208,-0.000698609,-5.0961,
-0.00770162,-0.000651109,-5.11383,
-0.00772164,-0.000698261,-5.13156,
-0.00770079,-0.000651471,-5.15008,
-0.00770079,-0.000651471,-5.16821,
-0.00770079,-0.000651471,-5.18791,
-0.00770079,-0.000651471,-5.20682,
-0.0077251,-0.000696561,-5.22692,
-0.00769989,-0.000651969,-5.24702,
-0.00769989,-0.000651969,-5.26751,
-0.00772689,-0.000695502,-5.28839,
-0.00769899,-0.000652542,-5.31006,
-0.00769899,-0.000652542,-5.33134,
-0.00772871,-0.000694264,-5.3538,
-0.00769806,-0.00065322,-5.37626,
-0.00769806,-0.00065322,-5.39833,
-0.0077305,-0.000692859,-5.42079,
-0.00769718,-0.000653958,-5.44325,
-0.00769718,-0.000653958,-5.46531,
-0.0077322,-0.000691337,-5.48777,
-0.00769634,-0.000654755,-5.51023,
-0.00769634,-0.000654755,-5.5323,
-0.00769634,-0.000654755,-5.55437,
-0.00773456,-0.00068887,-5.57683,
-0.00769559,-0.000655621,-5.59929,
-0.00769559,-0.000655621,-5.62135,
-0.007736,-0.000687102,-5.64381,
-0.00769489,-0.000656537,-5.66627,
-0.00769489,-0.000656537,-5.68834,
-0.00773732,-0.000685242,-5.71001,
-0.00769428,-0.000657463,-5.73168,
-0.00769428,-0.000657463,-5.75217,
-0.00773845,-0.000683404,-5.77306,
-0.00769375,-0.000658391,-5.79315,
-0.00769375,-0.000658391,-5.81286,
-0.00769375,-0.000658391,-5.83256,
-0.00769375,-0.000658391,-5.85147,
-0.00774027,-0.000679825,-5.86999,
-0.00769336,-0.000659256,-5.88851,
-0.00774065,-0.000678953,-5.90624,
-0.00769302,-0.000660098,-5.92397,
-0.00769302,-0.000660098,-5.94052,
-0.00769302,-0.000660098,-5.95786,
-0.00769302,-0.000660098,-5.97362,
-0.00769302,-0.000660098,-5.99017,
-0.00769302,-0.000660098,-6.00515,
-0.00769302,-0.000660098,-6.02012,
-0.00774248,-0.000673418,-6.0347,
-0.00769283,-0.00066082,-6.04849,
-0.00774265,-0.000672733,-6.06228,
-0.00769267,-0.000661509,-6.07528,
-0.00769267,-0.000661509,-6.08868,
-0.00769267,-0.000661509,-6.1005,
-0.00769267,-0.000661509,-6.11311,
-0.00774315,-0.000670179,-6.12454,
-0.00769257,-0.000662086,-6.13597,
-0.00769257,-0.000662086,-6.147,
-0.00774332,-0.000669041,-6.15764,
-0.0076925,-0.000662626,-6.16749,
-0.0076925,-0.000662626,-6.17773,
-0.00774344,-0.000668018,-6.1868,
-0.00774344,-0.000668018,-6.19625,
-0.00769241,-0.000663571,-6.20453,
-0.00769241,-0.000663571,-6.2132,
-0.00774351,-0.000667153,-6.22069,
-0.00774351,-0.000667153,-6.22778,
-0.00769236,-0.000664316,-6.23448,
-0.00769236,-0.000664316,-6.24078,
-0.00769236,-0.000664316,-6.24709,
-0.00774355,-0.000666165,-6.25221,
-0.00774355,-0.000666165,-6.25772,
-0.00769235,-0.000664861,-6.26206,
-0.00769235,-0.000664861,-6.26679,
-0.00769235,-0.000664861,-6.27073,
-0.00769235,-0.000664861,-6.27388,
-0.00769235,-0.000664861,-6.27703,
-0.00769235,-0.000664861,-6.2794,
-0.00769235,-0.000664861,-6.28097,
-0.00769235,-0.000664861,-6.28255,
-0.00769235,-0.000664861,-6.28334,
