0,0,0,0,0,0,0,0,0,0,0,0,
0,0,0,0,0,0,0,0,0,0,0,0,
0,0,0,-0.00874344,0.378502,0.332817,0.490872,0.743121,0.810941,0.592515,0.371044,0.287935,
0,0,0,-0.0450846,0.378502,0.332817,0.425223,0.743121,0.810941,0.592515,0.371044,0.219909,
0,0,0,0.0890303,0.291983,0.332817,0.425223,0.743121,0.755018,0.592515,0.371044,0.287935,
0,0,0,0.081876,0.291983,0.267212,0.490872,0.685237,0.810941,0.592515,0.309101,0.287935,
0.000309324,0,0.00154417,0.00510433,0.291983,0.398423,0.425223,0.743121,0.755018,0.592515,0.309101,0.287935,
0.000876067,8.75151e-07,0.00270624,-0.207602,0.465021,0.332817,0.622168,0.627354,0.755018,0.592515,0.432987,0.151882,
0.0013909,2.26843e-06,0.00194203,0.325151,0.378502,0.00478921,0.359575,0.801004,0.810941,0.480903,0.432987,0.355961,
0.0019059,3.26857e-06,0.00194809,0.0686274,0.205465,0.332817,0.425223,0.91677,0.97871,0.592515,0.309101,0.219909,
0.0026269,4.67314e-06,0.00195657,0.0332385,0.291983,0.332817,0.490872,0.91677,0.866864,0.648321,0.309101,0.287935,
0.00339948,6.18475e-06,0.00235079,-0.150679,0.638058,0.201606,0.425223,0.91677,0.866864,0.648321,0.309101,0.287935,
0.00427458,8.24192e-06,0.00043541,-0.23865,0.291983,0.726451,0.55652,0.801004,0.699095,0.759933,0.309101,0.219909,
0.00520158,8.64554e-06,0.000446313,-0.190635,0.291983,0.398423,0.687816,0.627354,0.699095,0.704127,0.371044,0.083856,
0.00623109,9.10503e-06,-0.00185238,0.163659,0.378502,0.267212,0.293927,0.801004,0.810941,0.592515,0.371044,0.355961,
0.00751835,6.72053e-06,-0.00299264,0.131149,0.291983,0.267212,0.425223,0.91677,0.810941,0.648321,0.371044,0.287935,
0.00896018,2.40563e-06,-0.00374595,0.149427,0.378502,0.332817,0.490872,0.685237,0.810941,0.480903,0.49493,0.423987,
0.010505,-3.38126e-06,-0.00449805,0.10882,0.291983,0.332817,0.490872,1.03254,0.866864,0.592515,0.309101,0.423987,
0.0121523,-1.07911e-05,-0.00755975,0.357754,0.205465,0.136,0.359575,0.858887,0.866864,0.480903,0.371044,0.355961,
0.013903,-2.40257e-05,-0.00907969,-0.143547,0.378502,0.332817,0.490872,0.801004,0.755018,0.648321,0.247158,0.219909,
0.0157567,-4.08578e-05,-0.00982816,-0.395783,0.378502,0.726451,0.55652,0.743121,0.699095,0.536709,0.309101,0.219909,
0.0178166,-6.11035e-05,-0.00980393,0.00729128,0.291983,0.332817,0.687816,0.685237,0.699095,0.704127,0.432987,0.219909,
0.0197729,-8.02831e-05,-0.012862,-0.112815,0.205465,0.529634,0.753465,0.858887,0.755018,0.536709,0.371044,0.287935,
0.0219351,-0.000108095,-0.0159176,0.0659764,0.291983,0.332817,0.55652,0.801004,0.755018,0.592515,0.432987,0.287935,
0.0242008,-0.000144162,-0.015891,-0.0523368,0.291983,0.332817,0.425223,0.801004,0.866864,0.480903,0.309101,0.219909,
0.0266203,-0.000182613,-0.0193287,0.0518697,0.205465,0.332817,0.687816,0.685237,0.755018,0.704127,0.371044,0.219909,
0.0293489,-0.00023536,-0.0212223,-0.0430655,0.291983,0.464028,0.55652,0.685237,0.755018,0.480903,0.432987,0.287935,
0.031974,-0.000291081,-0.0246576,-0.0812419,0.378502,0.267212,0.55652,0.801004,0.810941,0.536709,0.371044,0.219909,
0.0347023,-0.000358367,-0.0265512,-0.0891559,0.378502,0.332817,0.425223,0.91677,0.922787,0.536709,0.247158,0.287935,
0.0375846,-0.000434915,-0.0295984,-0.032759,0.291983,0.332817,0.55652,0.743121,0.699095,0.592515,0.371044,0.219909,
0.0405695,-0.000523288,-0.0334146,0.133932,0.291983,0.201606,0.55652,0.801004,0.755018,0.648321,0.371044,0.287935,
0.0435032,-0.00062135,-0.0345354,0.0752423,0.205465,0.398423,0.687816,0.743121,0.755018,0.536709,0.49493,0.287935,
0.0465394,-0.000726252,-0.0364254,0.0995109,0.291983,0.267212,0.55652,0.858887,0.755018,0.592515,0.432987,0.287935,
0.0495758,-0.000836903,-0.0367748,0.111978,0.205465,0.332817,0.622168,0.743121,0.810941,0.536709,0.432987,0.287935,
0.0526117,-0.000948597,-0.039435,0.116822,0.291983,0.267212,0.490872,0.801004,0.755018,0.480903,0.371044,0.355961,
0.0558021,-0.00107447,-0.0401677,0.147673,0.291983,0.332817,0.425223,0.743121,0.755018,0.480903,0.432987,0.355961,
0.0588382,-0.00119649,-0.0397468,0.0428209,0.291983,0.332817,0.425223,0.91677,0.755018,0.536709,0.371044,0.287935,
0.0620284,-0.00132336,-0.0412498,0.164922,0.205465,0.267212,0.490872,0.801004,0.810941,0.536709,0.371044,0.287935,
0.06527,-0.00145715,-0.0415968,-0.130886,0.291983,0.464028,0.55652,0.743121,0.755018,0.480903,0.309101,0.287935,
0.06846,-0.00158992,-0.0430998,0.0363363,0.205465,0.332817,0.490872,0.858887,0.699095,0.536709,0.371044,0.219909,
0.0717531,-0.00173194,-0.0422907,0.167998,0.291983,0.267212,0.425223,0.91677,0.810941,0.480903,0.432987,0.355961,
0.0750458,-0.00187128,-0.0437925,0.0354288,0.291983,0.267212,0.55652,0.858887,0.699095,0.480903,0.309101,0.355961,
0.07839,-0.00201782,-0.0441383,-0.0105946,0.378502,0.267212,0.490872,0.801004,0.699095,0.480903,0.309101,0.355961,
0.0816314,-0.00216099,-0.043715,0.189424,0.378502,0.332817,0.55652,0.801004,0.699095,0.480903,0.371044,0.628066,
0.0847695,-0.00229825,-0.0456037,0.0930722,0.118946,0.332817,0.622168,0.801004,0.699095,0.425097,0.371044,0.287935,
0.0881648,-0.0024532,-0.046334,-0.244446,0.291983,0.398423,0.687816,0.743121,0.755018,0.480903,0.247158,0.219909,
0.0915604,-0.00261064,-0.0455238,-0.284145,0.291983,0.660845,0.687816,0.743121,0.643172,0.480903,0.432987,0.219909,
0.0946468,-0.00275125,-0.0470279,-0.150227,0.291983,0.398423,0.622168,0.801004,0.699095,0.480903,0.371044,0.219909,
0.0980413,-0.002911,-0.0508393,-0.222686,0.378502,0.332817,0.753465,1.03254,0.699095,0.480903,0.309101,0.287935,
0.101384,-0.00308109,-0.0527256,-0.25594,0.378502,0.464028,0.687816,0.743121,0.699095,0.480903,0.309101,0.287935,
0.104778,-0.00326023,-0.0519154,-0.162324,0.291983,0.464028,0.950409,0.801004,0.643172,0.480903,0.309101,0.423987,
0.107967,-0.00342589,-0.0549589,-0.206272,0.291983,0.464028,0.622168,0.858887,0.643172,0.425097,0.309101,0.287935,
0.111411,-0.00361539,-0.0583845,-0.0968805,0.291983,0.464028,0.55652,0.801004,0.755018,0.425097,0.309101,0.355961,
0.114702,-0.00380771,-0.0583458,-0.228192,0.291983,0.464028,0.753465,0.858887,0.755018,0.425097,0.309101,0.287935,
0.117992,-0.00399989,-0.0598475,-0.0800703,0.205465,0.398423,0.687816,0.91677,0.643172,0.369291,0.309101,0.355961,
0.121333,-0.00420009,-0.0617338,-0.188834,0.291983,0.398423,0.687816,0.974653,0.699095,0.425097,0.309101,0.287935,
0.124519,-0.00439706,-0.0632368,0.0268854,0.205465,0.464028,0.687816,0.974653,0.643172,0.425097,0.618816,0.287935,
0.127809,-0.00460534,-0.0639683,-0.299226,0.465021,0.464028,0.622168,0.91677,0.699095,0.369291,0.309101,0.355961,
0.131097,-0.00481602,-0.0654701,-0.352722,0.378502,0.464028,0.687816,0.801004,0.699095,0.369291,0.247158,0.287935,
0.134438,-0.00503502,-0.0658159,-0.182458,0.291983,0.332817,0.753465,0.858887,0.587248,0.425097,0.309101,0.287935,
0.137572,-0.0052416,-0.0677046,-0.157913,0.378502,0.464028,0.622168,0.91677,0.643172,0.425097,0.309101,0.423987,
0.140911,-0.00546803,-0.0703612,-0.285848,0.378502,0.529634,0.753465,0.858887,0.643172,0.480903,0.371044,0.287935,
0.144148,-0.00569612,-0.0707081,-0.237816,0.378502,0.59524,0.753465,0.91677,0.587248,0.425097,0.371044,0.423987,
0.147333,-0.00592171,-0.0706706,-0.207968,0.378502,0.529634,0.819113,0.858887,0.643172,0.480903,0.432987,0.355961,
0.150517,-0.00614712,-0.0737141,-0.430089,0.378502,0.792056,0.753465,0.858887,0.699095,0.369291,0.309101,0.355961,
0.153752,-0.00638603,-0.0763719,-0.289404,0.465021,0.59524,0.687816,0.801004,0.643172,0.369291,0.371044,0.423987,
0.156782,-0.00661786,-0.0767213,-0.215163,0.378502,0.59524,0.687816,0.858887,0.587248,0.425097,0.371044,0.423987,
0.159811,-0.00685072,-0.0786112,-0.344628,0.378502,0.59524,0.753465,0.801004,0.643172,0.369291,0.309101,0.355961,
0.162994,-0.00710142,-0.0808845,-0.452611,0.378502,0.660845,0.753465,0.801004,0.643172,0.480903,0.309101,0.219909,
0.166022,-0.00734692,-0.0812339,-0.386928,0.465021,0.464028,0.687816,0.858887,0.643172,0.425097,0.185215,0.355961,
0.16905,-0.00759344,-0.0831238,-0.380251,0.465021,0.529634,0.687816,0.858887,0.643172,0.369291,0.371044,0.287935,
0.17218,-0.00785423,-0.0857828,-0.440463,0.465021,0.529634,0.687816,0.801004,0.587248,0.313485,0.247158,0.355961,
0.175207,-0.00811454,-0.0869025,-0.457984,0.465021,0.59524,0.753465,0.801004,0.587248,0.425097,0.309101,0.287935,
0.178337,-0.00838718,-0.0880209,-0.196153,0.465021,0.59524,0.753465,0.858887,0.531325,0.369291,0.309101,0.628066,
0.181517,-0.00866783,-0.0902942,-0.531253,0.378502,0.59524,0.819113,0.743121,0.587248,0.313485,0.309101,0.219909,
0.184594,-0.00894643,-0.0917984,-0.551018,0.465021,0.59524,0.753465,0.743121,0.587248,0.369291,0.309101,0.219909,
0.187671,-0.00922967,-0.0925323,-0.52546,0.378502,0.660845,0.884761,0.743121,0.531325,0.313485,0.309101,0.287935,
0.190747,-0.00951516,-0.0940365,-0.441712,0.378502,0.59524,0.753465,0.858887,0.419479,0.313485,0.371044,0.287935,
0.193977,-0.00981974,-0.0974646,-0.291999,0.378502,0.464028,0.753465,0.91677,0.587248,0.369291,0.309101,0.355961,
0.197001,-0.0101154,-0.0985842,-0.644878,0.378502,0.792056,0.819113,0.743121,0.475402,0.201873,0.309101,0.287935,
0.200075,-0.0104195,-0.0993182,-0.459532,0.378502,0.59524,0.884761,0.858887,0.475402,0.369291,0.247158,0.355961,
0.203252,-0.0107361,-0.100821,-0.523213,0.378502,0.59524,0.819113,0.858887,0.531325,0.313485,0.247158,0.287935,
0.206377,-0.0110522,-0.10348,-0.646077,0.724576,0.529634,0.753465,0.858887,0.531325,0.369291,0.309101,0.287935,
0.209399,-0.0113661,-0.1046,-0.487293,0.638058,0.529634,0.753465,0.801004,0.531325,0.313485,0.309101,0.423987,
0.212523,-0.011694,-0.106489,-0.309416,0.378502,0.529634,0.687816,0.858887,0.475402,0.313485,0.371044,0.355961,
0.215749,-0.0120388,-0.109146,-0.271184,0.378502,0.464028,0.753465,0.858887,0.587248,0.313485,0.371044,0.355961,
0.218871,-0.012381,-0.110265,-0.30826,0.378502,0.59524,0.819113,0.801004,0.643172,0.257679,0.371044,0.423987,
0.221994,-0.0127267,-0.111383,-0.382149,0.378502,0.464028,0.819113,0.743121,0.643172,0.313485,0.309101,0.287935,
0.225217,-0.0130872,-0.114041,-0.556461,0.378502,0.660845,0.819113,0.743121,0.531325,0.313485,0.247158,0.287935,
0.22844,-0.0134564,-0.116699,-0.404009,0.378502,0.529634,0.753465,0.801004,0.531325,0.313485,0.247158,0.355961,
0.231406,-0.0138041,-0.119745,-0.449544,0.378502,0.59524,0.753465,0.743121,0.475402,0.592515,0.247158,0.219909,
0.234474,-0.0141731,-0.122789,-0.191157,0.378502,0.59524,0.687816,0.858887,0.531325,0.313485,0.680759,0.287935,
0.237591,-0.0145579,-0.124678,-0.569166,0.465021,0.529634,0.753465,0.801004,0.531325,0.257679,0.247158,0.287935,
0.240657,-0.0149421,-0.126953,-0.640545,0.378502,0.59524,0.819113,0.801004,0.475402,0.257679,0.247158,0.219909,
0.243721,-0.0153332,-0.128457,-0.741229,0.465021,0.660845,0.819113,0.685237,0.475402,0.257679,0.247158,0.219909,
0.246683,-0.0157158,-0.131503,-0.706851,0.465021,0.660845,0.753465,0.801004,0.419479,0.313485,0.247158,0.219909,
0.249695,-0.0161141,-0.135704,-0.733443,0.378502,0.857662,0.819113,0.743121,0.475402,0.313485,0.247158,0.219909,
0.252654,-0.0165182,-0.137209,-0.708302,0.378502,0.660845,0.884761,0.743121,0.475402,0.313485,0.185215,0.219909,
0.255612,-0.0169267,-0.139485,-0.48114,0.378502,0.660845,0.884761,0.858887,0.419479,0.648321,0.185215,0.287935,
0.258773,-0.0173705,-0.143298,-0.443424,0.465021,0.529634,0.753465,0.743121,0.475402,0.257679,0.247158,0.423987,
0.26178,-0.0178043,-0.145959,-0.709649,0.291983,0.660845,0.819113,0.685237,0.475402,0.313485,0.185215,0.151882,
0.264735,-0.0182387,-0.147464,-0.675586,0.465021,0.660845,0.753465,0.743121,0.531325,0.313485,0.247158,0.219909,
0.267893,-0.0187078,-0.150508,-0.597069,0.378502,0.660845,0.819113,0.743121,0.531325,0.369291,0.247158,0.219909,
0.2711,-0.0191941,-0.155476,-0.574937,0.378502,0.59524,0.884761,0.685237,0.475402,0.369291,0.185215,0.287935,
0.273999,-0.0196485,-0.158908,-0.216125,0.291983,0.529634,0.819113,0.858887,0.531325,0.536709,0.309101,0.355961,
0.276897,-0.020113,-0.160799,-0.644896,0.638058,0.59524,0.819113,0.858887,0.475402,0.369291,0.309101,0.287935,
0.280099,-0.0206323,-0.164997,-0.419099,0.378502,0.529634,0.819113,0.91677,0.531325,0.369291,0.309101,0.287935,
0.283248,-0.0211567,-0.167271,-0.380362,0.551539,0.464028,0.753465,0.801004,0.531325,0.480903,0.309101,0.355961,
0.286294,-0.021671,-0.171086,-0.358727,0.378502,0.529634,0.753465,0.801004,0.531325,0.313485,0.309101,0.355961,
0.289288,-0.0221882,-0.174516,-0.398305,0.291983,0.59524,0.819113,0.858887,0.475402,0.369291,0.309101,0.287935,
0.292279,-0.0227157,-0.177176,-0.244562,0.378502,0.464028,0.753465,0.801004,0.810941,0.369291,0.309101,0.355961,
0.29527,-0.0232511,-0.180607,-0.452778,0.378502,0.59524,0.753465,0.91677,0.531325,0.425097,0.247158,0.287935,
0.298258,-0.0237968,-0.184037,-0.428088,0.378502,0.529634,0.753465,0.91677,0.531325,0.313485,0.309101,0.287935,
0.301346,-0.0243716,-0.186696,-0.290656,0.291983,0.59524,0.819113,0.801004,0.587248,0.313485,0.371044,0.355961,
0.304381,-0.0249449,-0.190511,-0.339718,0.378502,0.529634,0.687816,0.858887,0.643172,0.313485,0.371044,0.287935,
0.307313,-0.0255104,-0.194327,-0.425912,0.465021,0.464028,0.687816,0.858887,0.587248,0.369291,0.185215,0.355961,
0.310193,-0.0260772,-0.196219,-0.307954,0.378502,0.529634,0.622168,0.801004,0.587248,0.313485,0.309101,0.355961,
0.313173,-0.0266695,-0.199649,-0.452029,0.378502,0.59524,0.753465,0.801004,0.643172,0.369291,0.247158,0.287935,
0.316301,-0.0273025,-0.204233,-0.472447,0.291983,0.529634,0.819113,0.801004,0.587248,0.369291,0.309101,0.151882,
0.319075,-0.0278769,-0.206126,-0.294189,0.378502,0.464028,0.687816,0.858887,0.587248,0.313485,0.309101,0.355961,
0.321948,-0.0284776,-0.208787,-0.434921,0.465021,0.529634,0.687816,0.801004,0.587248,0.369291,0.309101,0.287935,
0.32502,-0.0291285,-0.213757,-0.564372,0.551539,0.464028,0.819113,0.858887,0.587248,0.369291,0.309101,0.219909,
0.327888,-0.0297512,-0.215648,-0.514728,0.378502,0.59524,0.753465,0.801004,0.587248,0.313485,0.309101,0.219909,
0.330755,-0.0303792,-0.218309,-0.495139,0.378502,0.464028,0.753465,0.801004,0.587248,0.313485,0.247158,0.219909,
0.333821,-0.0310593,-0.224049,-0.476945,0.378502,0.464028,0.687816,0.743121,0.587248,0.313485,0.247158,0.219909,
0.336732,-0.0317228,-0.227866,-0.474953,0.291983,0.529634,0.753465,0.91677,0.587248,0.425097,0.247158,0.151882,
0.339491,-0.0323625,-0.230528,-0.751915,0.724576,0.529634,0.687816,0.801004,0.587248,0.425097,0.185215,0.219909,
0.342448,-0.0330566,-0.234729,-0.379131,0.378502,0.726451,0.622168,0.91677,0.643172,0.369291,0.309101,0.355961,
0.345303,-0.0337391,-0.238161,-0.268648,0.638058,0.398423,0.622168,0.974653,0.643172,0.369291,0.247158,0.56004,
0.348154,-0.0344315,-0.242363,-0.2691,0.378502,0.201606,0.687816,0.801004,0.699095,0.369291,0.247158,0.219909,
0.350903,-0.0351111,-0.245796,-0.333569,0.291983,0.464028,0.753465,0.91677,0.643172,0.480903,0.247158,0.219909,
0.3537,-0.0358128,-0.247302,-0.422298,0.465021,0.464028,0.622168,0.858887,0.699095,0.425097,0.185215,0.287935,
0.356696,-0.036569,-0.250347,-0.366487,0.291983,0.529634,0.753465,0.858887,0.643172,0.480903,0.247158,0.219909,
0.359639,-0.0373216,-0.253777,-0.295884,0.378502,0.398423,0.622168,0.801004,0.699095,0.369291,0.247158,0.287935,
0.36238,-0.0380326,-0.25644,-0.350375,0.378502,0.464028,0.687816,0.858887,0.699095,0.425097,0.309101,0.219909,
0.365269,-0.03879,-0.259486,-0.417623,0.378502,0.529634,0.753465,0.743121,0.699095,0.480903,0.247158,0.219909,
0.368255,-0.0395827,-0.262531,-0.277143,0.378502,0.529634,0.687816,0.801004,0.699095,0.425097,0.371044,0.287935,
0.371238,-0.0403844,-0.266346,-0.226897,0.551539,0.332817,0.55652,0.858887,0.810941,0.480903,0.371044,0.287935,
0.374119,-0.0411704,-0.270162,-0.345318,0.378502,0.464028,0.622168,0.743121,0.699095,0.480903,0.247158,0.219909,
0.376898,-0.04194,-0.272439,-0.136194,0.291983,0.398423,0.753465,0.91677,0.755018,0.425097,0.309101,0.355961,
0.379725,-0.0427297,-0.2751,-0.214167,0.378502,0.398423,0.55652,0.743121,0.810941,0.592515,0.247158,0.219909,
0.382648,-0.0435549,-0.279301,-0.145142,0.291983,0.398423,0.55652,0.974653,0.810941,0.480903,0.247158,0.287935,
0.385271,-0.0443072,-0.281195,-0.149559,0.291983,0.464028,0.622168,0.801004,0.810941,0.480903,0.309101,0.287935,
0.388042,-0.0451074,-0.283471,0.114776,0.291983,0.398423,0.55652,0.858887,0.810941,0.536709,0.432987,0.423987,
0.391007,-0.0459714,-0.287286,-0.0140983,0.291983,0.464028,0.622168,0.743121,0.755018,0.536709,0.49493,0.287935,
0.393822,-0.0468031,-0.289178,-0.0799733,0.291983,0.464028,0.622168,0.91677,0.810941,0.536709,0.309101,0.355961,
0.396685,-0.0476549,-0.289913,-0.00775911,0.205465,0.398423,0.622168,0.974653,0.866864,0.592515,0.309101,0.287935,
0.399497,-0.0484938,-0.293344,-0.224535,0.378502,0.398423,0.819113,0.858887,0.810941,0.536709,0.309101,0.287935,
0.402504,-0.0494019,-0.297544,-0.0384303,0.378502,0.398423,0.425223,0.858887,0.810941,0.592515,0.371044,0.287935,
0.405409,-0.0502927,-0.298664,0.0385998,0.291983,0.398423,0.55652,0.91677,0.810941,0.759933,0.371044,0.287935,
0.408164,-0.0511411,-0.301711,0.07227,0.378502,0.332817,0.490872,0.743121,0.866864,0.592515,0.49493,0.287935,
0.411163,-0.0520744,-0.30437,-0.0110934,0.465021,0.464028,0.425223,0.627354,0.922787,0.704127,0.371044,0.355961,
0.414062,-0.0529849,-0.30626,0.182359,0.205465,0.398423,0.490872,0.627354,0.810941,0.592515,0.371044,0.355961,
0.41686,-0.0538698,-0.308921,-0.105356,0.378502,0.398423,0.55652,0.685237,0.810941,0.592515,0.309101,0.287935,
0.419754,-0.0547934,-0.311581,-0.0408086,0.378502,0.398423,0.490872,0.858887,0.810941,0.648321,0.371044,0.287935,
0.422695,-0.0557406,-0.312315,0.0863468,0.291983,0.398423,0.490872,0.743121,0.810941,0.704127,0.309101,0.355961,
0.42544,-0.0566267,-0.313822,0.172902,0.291983,0.332817,0.425223,0.743121,0.810941,0.648321,0.371044,0.355961,
0.428329,-0.0575645,-0.315712,0.11589,0.378502,0.332817,0.359575,0.685237,0.866864,0.592515,0.371044,0.355961,
0.431218,-0.0585081,-0.314521,0.253744,0.291983,0.267212,0.359575,0.743121,0.866864,0.592515,0.309101,0.423987,
0.434009,-0.0594162,-0.314871,0.129026,0.291983,0.398423,0.359575,0.627354,0.922787,0.592515,0.309101,0.355961,
0.437045,-0.0604049,-0.317145,0.120918,0.378502,0.332817,0.359575,0.743121,0.810941,0.648321,0.371044,0.355961,
0.440079,-0.0614007,-0.316337,0.157186,0.291983,0.332817,0.359575,0.801004,0.866864,0.704127,0.371044,0.287935,
0.442966,-0.0623458,-0.317456,0.153165,0.291983,0.398423,0.359575,0.685237,0.866864,0.704127,0.309101,0.355961,
0.445999,-0.0633424,-0.318959,0.187426,0.378502,0.267212,0.425223,0.685237,0.866864,0.648321,0.432987,0.355961,
0.448983,-0.0643276,-0.318537,0.223204,0.291983,0.332817,0.490872,0.685237,0.810941,0.704127,0.556873,0.287935,
0.451868,-0.0652791,-0.318887,0.0216976,0.378502,0.332817,0.425223,0.858887,0.810941,0.648321,0.371044,0.287935,
0.454753,-0.0662317,-0.320006,0.0742822,0.291983,0.398423,0.55652,0.685237,0.866864,0.759933,0.371044,0.287935,
0.45754,-0.0671551,-0.320357,0.109091,0.378502,0.464028,0.425223,0.627354,0.866864,0.704127,0.371044,0.423987,
0.460277,-0.0680631,-0.321864,0.294276,0.291983,0.332817,0.359575,0.627354,0.810941,0.648321,0.49493,0.355961,
0.463208,-0.0690406,-0.321827,-0.082981,0.551539,0.332817,0.293927,0.685237,0.643172,0.648321,0.371044,0.287935,
0.466042,-0.0699855,-0.321022,0.0522647,0.378502,0.332817,0.425223,0.627354,0.810941,0.704127,0.432987,0.219909,
0.468827,-0.0709117,-0.320602,0.150292,0.378502,0.201606,0.425223,0.685237,0.810941,0.759933,0.432987,0.219909,
0.471613,-0.0718368,-0.321723,0.263633,0.291983,0.332817,0.359575,0.569471,0.755018,0.704127,0.49493,0.287935,
0.474642,-0.0728464,-0.321685,0.474256,0.291983,0.0703948,0.425223,0.569471,0.755018,0.648321,0.49493,0.355961,
0.477427,-0.0737746,-0.320496,-0.0327125,0.465021,0.398423,0.425223,0.685237,0.810941,0.648321,0.432987,0.287935,
0.480311,-0.0747319,-0.319304,0.156058,0.378502,0.398423,0.425223,0.569471,0.866864,0.648321,0.49493,0.355961,
0.483197,-0.0756858,-0.318113,0.109405,0.378502,0.464028,0.425223,0.569471,0.810941,0.648321,0.49493,0.355961,
0.485936,-0.0765878,-0.318079,0.100107,0.378502,0.398423,0.359575,0.627354,0.866864,0.704127,0.432987,0.287935,
0.488871,-0.0775543,-0.316502,0.312312,0.291983,0.332817,0.293927,0.627354,0.922787,0.704127,0.432987,0.355961,
0.491661,-0.078468,-0.315313,0.125188,0.378502,0.332817,0.425223,0.569471,0.866864,0.704127,0.432987,0.287935,
0.494599,-0.0794263,-0.315276,0.165211,0.465021,0.332817,0.293927,0.627354,0.866864,0.648321,0.49493,0.355961,
0.497586,-0.0804006,-0.312543,0.198752,0.378502,0.332817,0.293927,0.685237,0.866864,0.648321,0.432987,0.355961,
0.500379,-0.0813032,-0.312124,0.280352,0.291983,0.398423,0.293927,0.627354,0.866864,0.759933,0.432987,0.355961,
0.50332,-0.0822521,-0.312087,0.177755,0.465021,0.267212,0.359575,0.627354,0.810941,0.759933,0.432987,0.355961,
0.506261,-0.0832009,-0.311281,0.203523,0.378502,0.332817,0.425223,0.569471,0.922787,0.759933,0.432987,0.355961,
0.509154,-0.0841316,-0.31009,0.294032,0.378502,0.332817,0.425223,0.627354,0.922787,0.704127,0.556873,0.423987,
0.511949,-0.0850273,-0.31044,0.0223351,0.378502,0.660845,0.425223,0.627354,0.810941,0.704127,0.432987,0.423987,
0.514941,-0.0859871,-0.309248,0.483298,0.291983,0.332817,0.359575,0.685237,0.866864,0.704127,0.556873,0.56004,
0.517786,-0.0868962,-0.307672,0.179572,0.378502,0.332817,0.425223,0.569471,0.866864,0.759933,0.49493,0.287935,
0.520535,-0.0877696,-0.307638,0.164925,0.378502,0.398423,0.359575,0.685237,0.866864,0.759933,0.432987,0.355961,
0.523774,-0.0887988,-0.309139,0.198922,0.378502,0.398423,0.359575,0.627354,0.97871,0.704127,0.49493,0.355961,
0.526619,-0.0897075,-0.309104,0.0552703,0.378502,0.464028,0.425223,0.569471,0.810941,0.759933,0.432987,0.287935,
0.529416,-0.0906007,-0.307143,0.118371,0.465021,0.332817,0.425223,0.569471,0.810941,0.759933,0.432987,0.355961,
0.532411,-0.0915505,-0.306721,0.102004,0.378502,0.398423,0.425223,0.569471,0.866864,0.759933,0.432987,0.287935,
0.535258,-0.0924523,-0.307456,0.0438385,0.378502,0.398423,0.490872,0.627354,0.810941,0.704127,0.432987,0.287935,
0.538105,-0.0933564,-0.305111,0.0638678,0.378502,0.398423,0.622168,0.569471,0.866864,0.759933,0.49493,0.287935,
0.541004,-0.0942692,-0.30469,0.370815,0.378502,0.464028,0.425223,0.627354,0.866864,0.704127,0.49493,0.696093,
0.543853,-0.0951653,-0.304655,0.100784,0.378502,0.464028,0.425223,0.511588,0.810941,0.704127,0.432987,0.355961,
0.546703,-0.0960614,-0.302309,0.246279,0.378502,0.332817,0.425223,0.685237,0.866864,0.759933,0.556873,0.355961,
0.549752,-0.0970122,-0.29996,0.338029,0.378502,0.267212,0.490872,0.569471,0.755018,0.704127,0.804644,0.287935,
0.552704,-0.0979252,-0.300694,0.16419,0.291983,0.464028,0.425223,0.627354,0.866864,0.704127,0.432987,0.355961,
0.555655,-0.0988406,-0.298347,0.196958,0.291983,0.398423,0.425223,0.685237,0.866864,0.704127,0.432987,0.355961,
0.558708,-0.0997792,-0.296769,0.0533203,0.378502,0.398423,0.425223,0.685237,0.922787,0.648321,0.432987,0.287935,
0.561712,-0.100698,-0.297117,0.0363239,0.378502,0.398423,0.490872,0.685237,0.810941,0.704127,0.432987,0.287935,
0.564716,-0.101618,-0.295925,-0.0718849,0.465021,0.398423,0.55652,0.627354,0.810941,0.648321,0.432987,0.287935,
0.567573,-0.102489,-0.295119,-0.166581,0.465021,0.464028,0.687816,0.627354,0.810941,0.704127,0.371044,0.287935,
0.570579,-0.103403,-0.294697,0.0438385,0.378502,0.398423,0.490872,0.627354,0.810941,0.704127,0.432987,0.287935,
0.573585,-0.104315,-0.295045,0.0677916,0.465021,0.398423,0.425223,0.685237,0.866864,0.759933,0.432987,0.355961,
0.576295,-0.105139,-0.293857,0.236741,0.465021,0.398423,0.359575,0.627354,0.866864,0.871546,0.432987,0.492014,
0.579204,-0.106019,-0.291895,0.011052,0.378502,0.464028,0.425223,0.569471,0.922787,0.704127,0.371044,0.287935,
0.582114,-0.106893,-0.291474,0.230741,0.291983,0.398423,0.425223,0.685237,0.866864,0.704127,0.49493,0.355961,
0.585173,-0.107811,-0.289896,0.0654062,0.465021,0.332817,0.425223,0.627354,0.755018,0.704127,0.49493,0.287935,
0.587936,-0.108635,-0.289092,0.122515,0.378502,0.332817,0.425223,0.685237,0.810941,0.704127,0.371044,0.355961,
0.590899,-0.109516,-0.287515,0.00297862,0.465021,0.529634,0.359575,0.627354,0.866864,0.648321,0.371044,0.423987,
0.593862,-0.110393,-0.287479,-0.14037,0.811095,0.398423,0.425223,0.627354,0.866864,0.648321,0.49493,0.423987,
0.596874,-0.111283,-0.287057,-0.0929774,0.551539,0.464028,0.425223,0.569471,0.922787,0.704127,0.432987,0.287935,
0.599937,-0.112187,-0.287019,-0.0256363,0.465021,0.398423,0.425223,0.685237,0.866864,0.648321,0.432987,0.287935,
0.602802,-0.113033,-0.286984,-0.00133865,0.465021,0.464028,0.425223,0.685237,0.922787,0.648321,0.432987,0.355961,
0.605815,-0.113922,-0.285792,0.0630975,0.465021,0.267212,0.490872,0.627354,0.922787,0.648321,0.371044,0.355961,
0.608878,-0.114823,-0.284984,0.0282454,0.378502,0.398423,0.490872,0.801004,0.866864,0.648321,0.371044,0.355961,
0.611893,-0.115706,-0.284562,-0.095736,0.465021,0.464028,0.425223,0.627354,0.866864,0.648321,0.371044,0.287935,
0.614909,-0.116588,-0.28337,-0.0435438,0.465021,0.398423,0.425223,0.627354,0.810941,0.704127,0.371044,0.287935,
0.617975,-0.117481,-0.282562,-0.0693409,0.551539,0.332817,0.425223,0.627354,0.866864,0.704127,0.371044,0.287935,
0.620942,-0.118342,-0.281755,0.116627,0.205465,0.464028,0.425223,0.569471,0.810941,0.704127,0.309101,0.287935,
0.62396,-0.119216,-0.279792,-0.154403,0.465021,0.398423,0.55652,0.685237,0.810941,0.648321,0.309101,0.287935,
0.626881,-0.120055,-0.278601,-0.0127366,0.291983,0.398423,0.490872,0.743121,0.810941,0.648321,0.371044,0.219909,
0.629902,-0.120919,-0.276639,0.234513,0.291983,0.464028,0.55652,0.743121,0.810941,0.81574,0.742702,0.287935,
0.632924,-0.121777,-0.276217,-0.0446895,0.378502,0.398423,0.55652,0.685237,0.810941,0.648321,0.371044,0.287935,
0.635848,-0.122606,-0.273485,0.0742007,0.378502,0.464028,0.490872,0.685237,0.866864,0.648321,0.49493,0.355961,
0.638972,-0.123482,-0.271521,-0.0158882,0.378502,0.464028,0.490872,0.685237,0.866864,0.648321,0.432987,0.287935,
0.641998,-0.124325,-0.271099,-0.178494,0.551539,0.464028,0.425223,0.685237,0.810941,0.648321,0.371044,0.287935,
0.644926,-0.125139,-0.269908,0.11181,0.291983,0.398423,0.490872,0.743121,0.699095,0.704127,0.371044,0.355961,
0.647954,-0.125976,-0.270256,-0.00758759,0.378502,0.398423,0.490872,0.801004,0.866864,0.704127,0.371044,0.287935,
0.650832,-0.126774,-0.270221,0.0738575,0.465021,0.332817,0.490872,0.743121,0.866864,0.592515,0.432987,0.423987,
0.653612,-0.127544,-0.269417,-0.0249569,0.465021,0.398423,0.490872,0.801004,0.866864,0.592515,0.432987,0.355961,
0.656491,-0.128339,-0.268611,-0.0450463,0.465021,0.398423,0.425223,0.858887,0.866864,0.592515,0.371044,0.355961,
0.659421,-0.129145,-0.26819,0.076385,0.378502,0.398423,0.425223,0.743121,0.866864,0.592515,0.432987,0.355961,
0.662251,-0.129923,-0.268541,0.12011,0.378502,0.398423,0.359575,0.743121,0.866864,0.648321,0.432987,0.355961,
0.665082,-0.130702,-0.267351,-0.145364,0.465021,0.464028,0.490872,0.801004,0.922787,0.592515,0.371044,0.287935,
0.668063,-0.131518,-0.265004,-0.15399,0.465021,0.529634,0.490872,0.685237,0.866864,0.759933,0.309101,0.287935,
0.671144,-0.132355,-0.265737,0.0941061,0.465021,0.332817,0.55652,0.743121,0.810941,0.592515,0.618816,0.355961,
0.674076,-0.133152,-0.266086,-0.140631,0.465021,0.464028,0.490872,0.743121,0.922787,0.592515,0.371044,0.287935,
0.676759,-0.133884,-0.263743,0.00283636,0.465021,0.529634,0.490872,0.685237,0.866864,0.592515,0.49493,0.423987,
0.679843,-0.134716,-0.260624,-0.0305771,0.465021,0.464028,0.490872,0.627354,0.810941,0.648321,0.432987,0.355961,
0.682679,-0.135473,-0.261745,-0.258835,0.465021,0.529634,0.55652,0.685237,0.866864,0.592515,0.371044,0.219909,
0.685514,-0.136232,-0.261325,-0.174333,0.465021,0.529634,0.55652,0.627354,0.866864,0.648321,0.371044,0.287935,
0.68845,-0.137017,-0.261675,-0.125253,0.378502,0.529634,0.55652,0.743121,0.810941,0.648321,0.371044,0.287935,
0.691235,-0.137764,-0.261641,-0.213428,0.465021,0.464028,0.55652,0.685237,0.810941,0.592515,0.309101,0.287935,
0.694021,-0.13851,-0.260836,0.0446234,0.378502,0.398423,0.55652,0.91677,0.866864,0.648321,0.371044,0.423987,
0.697057,-0.13932,-0.261185,0.196194,0.378502,0.332817,0.55652,0.801004,0.866864,0.871546,0.432987,0.423987,
0.699843,-0.140064,-0.261921,-0.200118,0.465021,0.529634,0.55652,0.685237,0.866864,0.592515,0.371044,0.287935,
0.702678,-0.140825,-0.259961,-0.0538466,0.465021,0.398423,0.490872,0.801004,0.922787,0.592515,0.371044,0.355961,
0.705665,-0.141619,-0.259154,-0.168319,0.551539,0.398423,0.55652,0.743121,0.810941,0.648321,0.309101,0.355961,
0.708502,-0.142371,-0.259505,-0.0487909,0.378502,0.464028,0.55652,0.743121,0.810941,0.704127,0.309101,0.355961,
0.711339,-0.143124,-0.259085,-0.0629543,0.465021,0.332817,0.55652,0.743121,0.810941,0.704127,0.371044,0.287935,
0.714177,-0.143876,-0.259436,0.0705363,0.378502,0.332817,0.490872,0.858887,0.810941,0.592515,0.432987,0.355961,
0.717014,-0.14463,-0.258246,-0.158725,0.465021,0.332817,0.55652,0.91677,0.810941,0.592515,0.309101,0.287935,
0.719902,-0.145392,-0.258211,0.0316168,0.465021,0.332817,0.490872,0.801004,0.866864,0.592515,0.371044,0.423987,
0.72289,-0.146181,-0.258945,-0.0466235,0.465021,0.398423,0.55652,0.801004,0.866864,0.592515,0.432987,0.355961,
0.725727,-0.146933,-0.259295,0.125121,0.378502,0.398423,0.359575,0.685237,0.810941,0.592515,0.371044,0.423987,
0.728615,-0.147699,-0.25849,0.015039,0.378502,0.398423,0.490872,0.858887,0.810941,0.648321,0.371044,0.355961,
0.731403,-0.148436,-0.258456,0.0306715,0.465021,0.398423,0.425223,0.685237,0.866864,0.592515,0.371044,0.423987,
0.73439,-0.149226,-0.25842,0.174227,0.291983,0.398423,0.425223,0.858887,0.922787,0.536709,0.432987,0.423987,
0.737278,-0.149989,-0.259155,0.090009,0.465021,0.332817,0.425223,0.801004,0.866864,0.592515,0.432987,0.423987,
0.740066,-0.150728,-0.25758,-0.0322843,0.378502,0.464028,0.55652,0.743121,0.810941,0.648321,0.371044,0.355961,
0.743104,-0.151529,-0.256388,0.131741,0.378502,0.398423,0.490872,0.801004,0.866864,0.592515,0.49493,0.423987,
0.746043,-0.152299,-0.257508,0.193202,0.378502,0.332817,0.55652,0.801004,0.810941,0.592515,0.49493,0.492014,
0.748782,-0.153021,-0.257089,0.0020549,0.291983,0.464028,0.55652,0.743121,0.810941,0.704127,0.371044,0.287935,
0.751721,-0.153793,-0.255898,0.076421,0.291983,0.464028,0.55652,0.627354,0.866864,0.592515,0.432987,0.355961,
0.75491,-0.154627,-0.255859,0.214849,0.378502,0.332817,0.425223,0.685237,0.810941,0.648321,0.371044,0.492014,
0.757849,-0.155396,-0.256209,-0.047019,0.378502,0.332817,0.490872,0.801004,0.866864,0.592515,0.309101,0.287935,
0.760689,-0.15614,-0.255019,-0.0901294,0.378502,0.398423,0.622168,0.743121,0.810941,0.704127,0.309101,0.287935,
0.763829,-0.156959,-0.253825,-0.0609008,0.465021,0.332817,0.490872,0.858887,0.755018,0.648321,0.309101,0.355961,
0.766969,-0.157774,-0.255713,0.0282454,0.378502,0.398423,0.490872,0.801004,0.866864,0.648321,0.371044,0.355961,
0.769909,-0.158542,-0.255292,0.106177,0.465021,0.332817,0.425223,0.685237,0.866864,0.592515,0.432987,0.423987,
0.772699,-0.15927,-0.254488,0.00894356,0.378502,0.398423,0.490872,0.801004,0.866864,0.592515,0.371044,0.355961,
0.77579,-0.160074,-0.25368,0.0663187,0.465021,0.332817,0.490872,0.801004,0.866864,0.592515,0.432987,0.423987,
0.77893,-0.160889,-0.254027,-0.16494,0.465021,0.464028,0.55652,0.685237,0.866864,0.592515,0.371044,0.287935,
0.781672,-0.1616,-0.253608,-0.0974758,0.378502,0.529634,0.490872,0.743121,0.866864,0.592515,0.309101,0.355961,
0.784414,-0.162311,-0.25319,0.120052,0.378502,0.464028,0.55652,0.801004,0.810941,0.592515,0.309101,0.628066,
0.787355,-0.163072,-0.254309,-0.0705906,0.378502,0.464028,0.687816,0.858887,0.810941,0.592515,0.432987,0.355961,
0.790197,-0.163811,-0.253119,0.00342338,0.378502,0.726451,0.490872,0.801004,0.866864,0.759933,0.49493,0.423987,
0.793289,-0.16461,-0.250771,-0.154636,0.465021,0.464028,0.55652,0.801004,0.866864,0.592515,0.309101,0.355961,
0.796232,-0.165364,-0.252661,0.060901,0.378502,0.398423,0.425223,0.858887,0.866864,0.592515,0.432987,0.355961,
0.799174,-0.166124,-0.25301,0.00409156,0.465021,0.398423,0.425223,0.743121,0.866864,0.592515,0.432987,0.355961,
0.802115,-0.166885,-0.25259,-0.0938824,0.465021,0.464028,0.55652,0.743121,0.866864,0.592515,0.309101,0.423987,
0.805157,-0.16767,-0.252168,-0.0503467,0.378502,0.59524,0.490872,0.743121,0.922787,0.704127,0.371044,0.355961,
0.808349,-0.168492,-0.252899,-0.131143,0.378502,0.464028,0.622168,0.743121,0.810941,0.592515,0.371044,0.287935,
0.811291,-0.169252,-0.253248,0.0200249,0.378502,0.332817,0.622168,0.858887,0.755018,0.704127,0.371044,0.355961,
0.814332,-0.170039,-0.253597,0.0527986,0.378502,0.464028,0.490872,0.858887,0.866864,0.592515,0.432987,0.423987,
0.817373,-0.170828,-0.253175,0.0413432,0.378502,0.464028,0.490872,0.801004,0.866864,0.592515,0.49493,0.355961,
0.820465,-0.171627,-0.251596,-0.01155,0.378502,0.332817,0.622168,0.743121,0.866864,0.592515,0.432987,0.287935,
0.823457,-0.172397,-0.25156,-0.200547,0.551539,0.398423,0.55652,0.801004,0.755018,0.648321,0.371044,0.287935,
0.8265,-0.173179,-0.251138,-0.112864,0.465021,0.464028,0.55652,0.743121,0.866864,0.592515,0.371044,0.355961,
0.829543,-0.173959,-0.251486,-0.0581957,0.378502,0.464028,0.687816,0.801004,0.866864,0.592515,0.432987,0.355961,
0.832486,-0.174715,-0.251065,-0.0339658,0.291983,0.464028,0.622168,0.858887,0.810941,0.648321,0.309101,0.355961,
0.835379,-0.175458,-0.25026,-0.0963029,0.378502,0.464028,0.622168,0.858887,0.810941,0.81574,0.309101,0.287935,
0.838423,-0.176236,-0.250608,0.127927,0.465021,0.398423,0.490872,0.801004,0.810941,0.536709,0.371044,0.628066,
0.841366,-0.176989,-0.250957,0.203927,0.465021,0.464028,0.55652,0.743121,0.810941,0.536709,0.432987,0.764119,
0.84406,-0.17768,-0.250154,-0.0582821,0.378502,0.464028,0.55652,0.801004,0.810941,0.592515,0.371044,0.355961,
0.846955,-0.178419,-0.249349,-0.121181,0.291983,0.529634,0.490872,0.801004,0.810941,0.536709,0.309101,0.287935,
0.850049,-0.179207,-0.250852,0.130644,0.291983,0.332817,0.55652,0.801004,0.810941,0.648321,0.309101,0.423987,
0.852892,-0.179936,-0.251203,-0.0932386,0.378502,0.398423,0.425223,0.801004,0.810941,0.536709,0.309101,0.287935,
0.855436,-0.180589,-0.250016,0.225933,0.378502,0.398423,0.55652,0.858887,0.866864,0.536709,0.680759,0.492014,
0.858281,-0.181315,-0.248826,-0.131903,0.465021,0.332817,0.55652,0.801004,0.810941,0.536709,0.371044,0.287935,
0.861126,-0.182038,-0.249947,0.334384,0.378502,0.398423,0.490872,0.858887,0.810941,0.536709,0.371044,0.832145,
0.86412,-0.182802,-0.249141,-0.142331,0.465021,0.464028,0.490872,0.743121,0.810941,0.480903,0.371044,0.355961,
0.866815,-0.183488,-0.249108,-0.165328,0.465021,0.398423,0.490872,0.743121,0.810941,0.480903,0.371044,0.287935,
0.86961,-0.184199,-0.248304,-0.113475,0.378502,0.464028,0.490872,0.858887,0.866864,0.480903,0.309101,0.355961,
0.872505,-0.184933,-0.249809,-0.307091,0.465021,0.529634,0.55652,0.685237,0.755018,0.480903,0.309101,0.287935,
0.8753,-0.185646,-0.249775,0.0876397,0.465021,0.398423,0.490872,0.801004,0.810941,0.536709,0.680759,0.355961,
0.878194,-0.186384,-0.24974,0.040529,0.465021,0.398423,0.55652,0.858887,0.810941,0.480903,0.680759,0.355961,
0.880938,-0.187084,-0.250862,0.240761,0.465021,0.398423,0.55652,0.858887,0.810941,0.536709,0.371044,0.832145,
0.883732,-0.1878,-0.250828,-0.131754,0.465021,0.398423,0.55652,0.801004,0.810941,0.480903,0.371044,0.355961,
0.886626,-0.188542,-0.250023,0.0407323,0.465021,0.332817,0.490872,0.858887,0.866864,0.536709,0.432987,0.423987,
0.88952,-0.189281,-0.249988,0.0990521,0.378502,0.398423,0.55652,0.801004,0.755018,0.536709,0.432987,0.492014,
0.892364,-0.190007,-0.251109,-0.15736,0.551539,0.398423,0.490872,0.801004,0.810941,0.536709,0.371044,0.355961,
0.895158,-0.190724,-0.249534,-0.143203,0.378502,0.529634,0.687816,0.743121,0.755018,0.480903,0.432987,0.355961,
0.898152,-0.191487,-0.250268,-0.123961,0.378502,0.464028,0.687816,0.743121,0.755018,0.536709,0.371044,0.355961,
0.901096,-0.192239,-0.251388,-0.0706789,0.291983,0.464028,0.55652,0.801004,0.755018,0.592515,0.247158,0.355961,
0.903839,-0.192944,-0.250969,-0.165672,0.291983,0.529634,0.55652,0.801004,0.810941,0.480903,0.309101,0.287935,
0.906683,-0.193673,-0.25132,-0.136713,0.465021,0.398423,0.55652,0.858887,0.810941,0.480903,0.371044,0.355961,
0.909775,-0.194467,-0.252823,-0.190974,0.465021,0.398423,0.55652,0.801004,0.810941,0.480903,0.371044,0.287935,
0.912717,-0.195227,-0.253943,-0.2437,0.465021,0.464028,0.55652,0.743121,0.922787,0.480903,0.309101,0.287935,
0.915608,-0.195977,-0.254678,0.00315984,0.465021,0.398423,0.55652,0.801004,0.810941,0.704127,0.371044,0.423987,
0.918648,-0.196768,-0.255796,-0.0978055,0.378502,0.529634,0.622168,0.801004,0.755018,0.81574,0.371044,0.287935,
0.921538,-0.197524,-0.255761,0.176306,0.378502,0.398423,0.490872,0.801004,0.755018,0.536709,0.432987,0.56004,
0.924676,-0.198345,-0.256108,-0.2332,0.465021,0.464028,0.622168,0.801004,0.755018,0.536709,0.371044,0.287935,
0.927665,-0.199128,-0.257612,-0.260095,0.378502,0.464028,0.687816,0.743121,0.755018,0.592515,0.309101,0.219909,
0.930753,-0.199941,-0.256804,-0.222387,0.465021,0.59524,0.55652,0.801004,0.866864,0.592515,0.309101,0.355961,
0.933791,-0.200739,-0.258693,-0.221869,0.638058,0.332817,0.622168,0.91677,0.755018,0.592515,0.371044,0.355961,
0.936728,-0.201516,-0.259043,-0.136495,0.378502,0.464028,0.55652,0.801004,0.810941,0.536709,0.371044,0.287935,
0.939666,-0.202295,-0.259392,-0.226048,0.465021,0.529634,0.55652,0.801004,0.755018,0.592515,0.371044,0.287935,
0.942602,-0.203074,-0.260512,-0.120749,0.465021,0.464028,0.622168,0.743121,0.810941,0.648321,0.371044,0.355961,
0.945588,-0.20387,-0.260475,-0.26159,0.465021,0.398423,0.622168,0.801004,0.866864,0.480903,0.371044,0.219909,
0.948623,-0.204679,-0.261594,-0.164918,0.378502,0.464028,0.687816,0.801004,0.755018,0.592515,0.371044,0.287935,
0.951658,-0.205491,-0.262712,-0.142104,0.378502,0.398423,0.687816,0.801004,0.810941,0.536709,0.371044,0.287935,
0.954641,-0.206294,-0.263446,-0.219778,0.291983,0.464028,0.753465,0.858887,0.755018,0.592515,0.309101,0.219909,
0.957674,-0.207112,-0.263794,0.0394357,0.378502,0.332817,0.55652,0.91677,0.810941,0.592515,0.432987,0.355961,
0.960856,-0.207971,-0.265296,-0.0402849,0.378502,0.398423,0.55652,0.91677,0.755018,0.592515,0.371044,0.355961,
0.963937,-0.208808,-0.266799,0.0317462,0.378502,0.398423,0.490872,0.858887,0.810941,0.536709,0.371044,0.423987,
0.966967,-0.209636,-0.267918,0.0314161,0.291983,0.398423,0.55652,0.858887,0.699095,0.592515,0.371044,0.355961,
0.969847,-0.210427,-0.269423,-0.0531738,0.378502,0.398423,0.55652,0.91677,0.810941,0.536709,0.371044,0.355961,
0.972776,-0.211236,-0.269772,-0.212971,0.551539,0.464028,0.622168,0.858887,0.810941,0.592515,0.371044,0.355961,
0.975705,-0.212045,-0.270892,-0.0215239,0.291983,0.464028,0.55652,0.858887,0.755018,0.536709,0.371044,0.355961,
0.978582,-0.212845,-0.271627,-0.0215239,0.291983,0.464028,0.55652,0.858887,0.755018,0.536709,0.371044,0.355961,
0.981311,-0.213605,-0.271979,-0.0215239,0.291983,0.464028,0.55652,0.858887,0.755018,0.536709,0.371044,0.355961,
