49,50,50,50,50,49,51,52,0,
49,49,50,50,49,50,50,53,0,
50,50,51,51,50,49,50,53,0,
50,50,50,50,49,50,50,53,0,
51,50,50,50,50,50,50,53,0,
49,50,50,50,49,50,50,53,0,
50,51,50,50,50,50,50,54,0,
50,51,50,50,49,50,50,52,0,
50,50,50,50,49,50,49,52,0,
49,50,51,50,49,49,51,53,0,
50,50,50,50,49,49,50,52,0,
50,50,50,49,51,50,49,53,0,
49,49,50,50,50,49,50,52,0,
49,50,50,50,49,50,50,52,0,
50,50,50,49,49,50,50,52,0,
50,50,50,50,50,51,50,52,0,
50,49,51,51,49,50,50,51,0,
51,50,54,50,49,51,49,53,0,
50,49,50,50,49,49,49,52,0,
51,49,50,50,50,49,49,52,0,
49,49,50,50,50,49,50,52,0,
50,50,50,50,49,51,49,52,0,
50,50,51,49,49,49,49,53,0,
50,49,50,50,50,50,50,52,0,
51,50,50,50,50,50,50,54,0,
50,50,50,49,49,50,50,52,0,
50,50,52,50,49,50,49,54,0,
50,50,50,50,49,50,50,52,0,
49,49,55,51,50,50,50,52,0,
49,51,50,49,49,51,49,53,0,
49,49,50,50,49,50,52,53,0,
50,50,51,49,49,50,50,52,0,
50,50,50,50,49,50,50,53,0,
49,50,50,50,49,49,49,53,0,
49,51,50,49,49,50,50,52,0,
49,50,50,50,49,49,50,52,0,
49,50,50,50,49,49,49,53,0,
50,50,50,49,49,50,50,53,0,
50,50,51,50,49,49,50,53,0,
50,49,51,49,50,49,50,52,0,
49,49,50,50,49,49,49,52,0,
49,50,51,50,50,49,49,53,0,
49,50,50,50,49,50,49,53,0,
50,50,50,50,49,50,50,53,0,
49,50,50,50,50,49,49,53,0,
50,50,50,50,49,50,50,52,0,
50,50,50,50,49,49,50,52,0,
49,50,50,50,50,50,50,53,0,
49,50,50,50,49,49,50,53,0,
49,50,50,50,50,50,50,53,0,
49,51,50,50,50,50,49,52,0,
49,50,50,50,50,50,50,53,0,
50,49,50,50,49,50,52,53,0,
49,50,50,50,50,49,49,53,0,
51,50,50,51,50,50,50,53,0,
50,50,50,50,49,50,50,52,0,
50,50,50,50,50,49,50,52,0,
49,50,50,50,49,49,51,53,0,
49,49,50,50,50,50,49,52,0,
49,50,50,50,51,50,49,52,0,
49,49,50,49,50,50,50,52,0,
49,51,50,50,49,51,49,53,0,
49,49,50,49,50,49,49,52,0,
50,49,50,50,49,50,50,52,0,
49,50,50,49,50,49,50,52,0,
49,49,50,50,50,50,50,52,0,
50,50,50,50,49,49,50,52,0,
50,50,50,50,49,49,50,52,0,
50,50,50,49,50,50,49,53,0,
51,50,51,50,49,50,50,52,0,
50,50,50,50,49,50,50,52,0,
50,49,50,49,50,50,50,53,0,
49,50,50,49,50,50,50,52,0,
50,50,50,50,49,50,50,54,0,
49,50,50,49,49,50,50,54,0,
50,50,50,49,49,49,50,53,0,
50,50,50,50,51,50,50,53,0,
49,50,50,49,50,49,50,53,0,
49,49,50,50,50,52,50,53,0,
50,50,50,50,49,50,50,53,0,
49,50,51,50,49,50,50,52,0,
49,50,50,49,50,49,50,52,0,
50,50,50,50,49,49,49,52,0,
49,50,50,51,50,50,50,52,0,
49,51,51,49,49,49,50,52,0,
49,50,50,50,49,50,50,53,0,
49,50,50,50,49,50,50,52,0,
50,50,49,50,50,50,50,54,0,
49,50,51,51,49,49,49,53,0,
51,50,50,50,50,50,49,53,0,
51,49,50,50,50,49,49,54,0,
50,50,50,53,49,49,49,52,0,
49,50,51,50,49,49,50,53,0,
51,50,51,49,50,50,50,52,0,
49,50,50,49,49,50,49,52,0,
50,50,50,50,50,50,49,53,0,
49,50,49,50,50,50,51,54,0,
49,50,50,50,49,50,49,52,0,
50,50,50,49,49,50,49,52,0,
50,50,51,50,49,51,49,52,0,
52,50,50,50,50,49,49,52,0,
50,49,49,49,50,50,49,53,0,
50,52,50,50,49,50,49,52,0,
50,50,50,49,50,50,50,52,0,
50,50,50,50,50,51,49,52,0,
49,51,50,50,50,49,49,52,0,
50,50,50,50,50,50,50,52,0,
50,50,51,50,50,50,49,52,0,
49,49,50,50,49,50,50,52,0,
50,50,51,50,49,50,50,54,0,
49,49,50,49,49,49,50,52,0,
50,50,49,50,52,49,49,53,0,
52,50,50,49,49,49,49,52,0,
50,49,50,49,49,50,50,53,0,
49,49,50,49,49,49,49,52,0,
50,50,50,50,49,50,49,52,0,
49,49,51,51,50,50,49,53,0,
50,50,50,50,49,49,50,53,0,
50,50,54,49,49,50,49,53,0,
49,50,50,49,49,49,50,52,0,
49,50,50,49,50,49,49,53,0,
49,51,50,50,50,50,52,52,0,
50,50,50,49,49,50,50,53,0,
49,50,52,49,50,49,49,52,0,
49,50,52,50,49,49,50,53,0,
49,50,51,50,49,50,50,53,0,
49,49,50,49,49,49,50,52,0,
49,51,50,51,50,50,50,53,0,
49,50,50,50,49,50,51,53,0,
49,50,51,50,50,49,49,52,0,
50,50,50,50,50,49,50,53,0,
50,50,51,49,50,50,50,52,0,
50,50,50,49,51,49,49,52,0,
52,50,50,50,49,49,50,53,0,
49,50,50,50,50,50,51,53,0,
50,50,50,50,49,49,50,53,0,
50,50,50,50,50,49,50,53,0,
50,50,50,50,50,50,49,52,0,
49,50,49,50,49,49,49,53,0,
51,50,49,50,49,50,49,52,0,
50,54,51,50,49,49,49,52,0,
50,50,50,50,50,50,50,52,0,
50,50,50,50,50,50,50,52,0,
50,49,50,50,51,50,49,55,0,
50,49,50,50,50,49,50,53,0,
50,49,50,50,50,49,50,52,0,
49,49,50,50,49,50,50,52,0,
50,49,50,49,49,50,50,53,0,
49,50,50,50,49,50,49,52,0,
49,49,50,50,49,50,50,52,0,
50,49,50,50,49,50,49,52,0,
50,50,50,50,49,51,49,54,0,
50,51,50,49,50,49,49,52,0,
50,50,51,49,49,50,49,52,0,
49,50,50,49,49,50,51,52,0,
49,49,50,49,50,50,49,52,0,
49,50,50,50,49,50,50,52,0,
49,50,51,49,49,50,50,53,0,
49,50,50,49,49,50,49,52,0,
50,50,51,49,49,50,50,52,0,
49,49,50,50,49,50,50,53,0,
50,50,55,49,54,50,51,52,0,
49,50,51,50,49,49,50,53,0,
49,50,50,50,49,50,50,53,0,
50,50,51,49,49,49,50,52,0,
50,50,51,50,50,50,50,53,0,
50,53,50,50,49,49,50,52,0,
49,49,50,49,49,50,50,52,0,
49,50,50,50,50,49,50,52,0,
49,51,51,49,49,49,50,52,0,
49,50,50,50,49,50,50,52,0,
49,50,50,50,49,50,50,53,0,
49,50,50,49,50,49,49,53,0,
49,50,50,49,50,49,49,55,0,
49,50,50,50,49,49,50,53,0,
49,49,51,50,49,49,49,54,0,
49,50,50,50,51,51,50,53,0,
49,50,50,49,49,49,49,52,0,
50,49,50,50,50,50,49,52,0,
50,50,50,50,50,49,50,53,0,
49,50,50,50,50,49,49,54,0,
49,50,50,50,49,50,49,52,0,
49,50,50,50,49,50,53,52,0,
50,51,50,50,50,50,49,53,0,
50,49,51,50,50,50,49,52,0,
50,50,50,49,49,50,49,52,0,
49,50,49,50,49,50,50,52,0,
49,50,50,50,50,49,49,52,0,
49,51,50,50,49,50,49,52,0,
50,50,50,50,49,49,50,52,0,
50,49,50,50,50,51,50,52,0,
50,50,50,50,49,50,49,52,0,
50,49,50,50,49,49,50,53,0,
50,49,50,50,50,50,50,52,0,
49,50,50,50,50,49,50,54,0,
49,50,50,49,49,50,50,52,0,
50,50,50,49,49,50,50,52,0,
50,51,50,50,50,50,50,54,0,
49,50,50,50,49,50,50,52,0,
50,49,50,49,48,50,49,52,0,
50,50,50,50,50,50,50,53,0,
50,50,51,49,50,50,49,53,0,
49,51,50,49,49,50,50,53,0,
49,53,50,49,50,50,50,52,0,
49,50,50,49,49,50,50,53,0,
50,50,54,50,49,49,50,52,0,
49,50,50,50,50,50,51,53,0,
49,50,50,49,50,49,49,52,0,
49,50,51,49,49,49,50,53,0,
50,50,50,50,49,50,50,52,0,
50,50,50,49,49,49,50,53,0,
49,50,50,50,50,49,50,52,0,
49,50,50,49,49,50,50,53,0,
49,50,51,50,49,50,49,55,0,
53,50,50,50,49,49,49,52,0,
50,50,56,51,49,50,49,53,0,
49,50,50,49,50,49,49,53,0,
49,50,49,50,51,49,50,52,0,
50,50,51,50,49,49,49,53,0,
51,49,53,50,51,49,49,53,0,
51,50,50,50,49,52,50,53,0,
49,50,50,49,50,51,50,53,0,
49,50,50,50,50,50,50,52,0,
50,50,49,49,49,49,49,52,0,
49,50,50,50,49,54,50,52,0,
50,51,50,49,49,51,49,52,0,
50,50,51,50,50,50,49,53,0,
50,50,50,50,50,50,49,52,0,
49,49,50,50,50,49,49,53,0,
50,50,53,51,50,49,49,52,0,
49,50,50,50,49,49,49,52,0,
49,51,51,50,49,50,50,52,0,
49,49,51,50,50,50,49,52,0,
50,50,50,50,50,50,49,52,0,
49,49,50,50,50,50,50,53,0,
53,49,50,49,50,50,50,52,0,
50,50,50,50,49,50,49,53,0,
50,50,50,50,50,50,49,52,0,
50,49,50,49,49,51,49,52,0,
49,50,50,49,49,50,49,53,0,
50,50,51,49,52,49,50,53,0,
49,50,50,50,49,50,50,53,0,
49,49,50,49,50,50,50,55,0,
50,50,50,50,49,50,50,52,0,
50,50,50,49,49,51,49,52,0,
50,50,50,50,49,49,50,52,0,
50,50,50,49,49,50,49,52,0,
50,50,50,49,49,50,50,53,0,
50,51,50,50,49,50,49,52,0,
49,50,50,50,49,51,50,53,0,
49,51,50,49,49,50,49,52,0,
49,51,52,49,49,50,50,53,0,
49,50,50,50,50,50,49,52,0,
49,51,51,50,54,49,50,52,0,
50,51,50,51,49,49,50,53,0,
49,50,50,49,49,50,50,53,0,
49,50,50,49,49,49,50,53,0,
50,50,51,50,50,49,49,53,0,
49,49,50,50,50,50,49,53,0,
49,49,51,50,50,49,49,53,0,
50,50,49,49,50,49,50,53,0,
49,50,50,50,50,50,49,52,0,
52,50,51,50,50,50,50,53,0,
49,50,50,50,49,49,50,52,0,
50,50,50,49,50,50,49,52,0,
50,50,49,50,49,49,53,53,0,
49,50,50,50,50,49,49,52,0,
49,50,50,49,49,49,49,52,0,
50,50,50,51,50,49,50,52,0,
49,50,50,50,49,49,51,53,0,
50,50,50,50,50,50,50,52,0,
49,50,49,50,50,51,49,52,0,
49,50,51,49,51,50,50,52,0,
50,50,50,49,50,49,50,52,0,
49,51,50,50,50,50,50,53,0,
50,50,50,50,50,50,49,52,0,
49,50,50,50,50,51,49,53,0,
49,49,54,50,49,50,50,52,0,
49,49,50,50,49,49,50,52,0,
50,50,50,49,49,50,49,53,0,
49,49,50,50,49,49,49,51,0,
49,50,50,50,49,49,50,53,0,
50,49,50,50,49,50,49,52,0,
50,50,50,49,49,50,51,53,0,
49,50,50,49,50,50,50,53,0,
50,50,50,50,50,49,50,53,0,
50,50,50,49,49,50,50,53,0,
50,53,51,50,49,50,50,53,0,
50,50,51,49,49,51,49,53,0,
50,50,50,49,49,49,50,52,0,
50,50,51,50,49,50,50,52,0,
50,50,50,49,50,50,50,52,0,
49,50,50,49,49,51,49,52,0,
49,50,51,50,51,51,50,52,0,
52,49,50,49,49,49,50,53,0,
49,50,51,50,49,49,50,53,0,
49,49,50,51,50,49,50,52,0,
49,50,49,49,50,49,50,52,0,
50,50,51,49,49,49,50,53,0,
49,50,50,50,49,49,49,53,0,
49,50,50,49,49,49,49,53,0,
50,50,50,51,50,49,50,52,0,
50,50,50,50,49,49,49,53,0,
49,49,50,51,50,50,50,53,0,
49,50,50,50,49,50,50,52,0,
51,50,50,50,50,49,49,53,0,
49,50,50,50,50,49,51,52,0,
49,50,53,49,50,50,50,53,0,
49,50,50,49,50,50,50,53,0,
50,50,50,51,49,50,49,53,0,
50,49,49,50,49,51,49,52,0,
49,50,50,50,49,49,49,52,0,
50,50,50,50,50,50,51,52,0,
49,50,50,50,49,50,50,53,0,
49,50,51,50,49,49,49,52,0,
50,49,50,49,50,50,49,52,0,
50,50,51,50,50,50,50,52,0,
49,50,50,50,50,50,50,53,0,
50,50,50,49,52,50,50,54,0,
49,50,50,50,50,50,50,53,0,
50,49,50,50,50,50,50,52,0,
50,49,50,50,49,49,50,53,0,
50,50,51,50,50,50,50,52,0,
50,50,50,49,49,50,50,53,0,
49,49,50,50,49,49,49,53,0,
49,50,50,50,49,50,50,52,0,
50,50,51,49,49,49,49,53,0,
49,50,50,49,49,50,49,52,0,
49,50,50,49,49,49,50,52,0,
49,50,50,49,49,49,51,52,0,
52,50,50,49,49,50,49,53,0,
50,50,51,49,49,50,49,53,0,
49,50,50,51,49,50,50,53,0,
50,50,50,50,49,50,49,53,0,
50,50,50,50,50,50,50,52,0,
49,50,50,50,49,49,50,52,0,
49,54,50,52,50,49,50,52,0,
49,51,50,50,50,50,50,52,0,
49,50,50,50,49,50,51,52,0,
49,50,51,50,49,49,50,53,0,
49,50,50,50,51,49,49,52,0,
51,50,50,49,50,49,50,53,0,
50,50,50,52,49,49,50,53,0,
49,50,50,50,50,50,50,53,0,
49,50,50,50,49,49,52,53,0,
49,50,51,50,50,51,49,53,0,
49,50,50,50,50,49,49,52,0,
50,53,50,49,49,50,49,53,0,
49,50,51,50,50,50,50,54,0,
49,50,50,51,49,50,49,52,0,
50,50,50,50,49,50,50,55,0,
49,50,50,50,50,50,49,53,0,
52,50,50,55,50,50,49,53,0,
50,50,50,49,50,50,49,53,0,
50,50,50,49,49,50,50,52,0,
51,50,50,49,49,50,52,52,0,
49,50,51,50,49,50,50,52,0,
50,49,50,50,49,50,50,53,0,
49,49,50,50,49,50,50,52,0,
49,49,50,50,49,50,50,52,0,
49,50,50,50,50,50,50,52,0,
50,50,50,50,49,50,50,52,0,
55,50,50,50,49,50,50,52,0,
49,49,50,49,50,49,50,52,0,
50,50,50,50,50,49,50,53,0,
49,50,50,49,49,49,50,52,0,
49,50,51,50,49,49,50,52,0,
49,50,50,50,49,50,50,52,0,
49,50,51,50,50,49,49,53,0,
50,51,51,49,49,49,49,52,0,
49,49,50,49,49,50,49,52,0,
50,50,50,49,49,50,50,52,0,
50,50,50,49,49,50,50,52,0,
49,50,50,49,49,50,49,52,0,
50,50,51,50,50,51,50,53,0,
49,52,50,50,49,50,50,52,0,
49,49,50,49,49,50,50,53,0,
49,50,50,50,50,49,51,52,0,
50,50,50,49,52,49,51,52,0,
50,50,50,50,50,50,50,53,0,
49,50,50,49,49,49,49,53,0,
49,50,50,49,49,50,49,53,0,
49,50,50,50,49,50,50,52,0,
50,50,50,50,50,49,50,52,0,
50,50,50,50,49,50,49,53,0,
49,50,50,50,49,49,50,52,0,
49,50,50,50,50,50,50,53,0,
50,50,50,50,49,50,49,53,0,
49,50,51,50,49,50,49,53,0,
49,50,50,50,50,49,49,53,0,
50,50,51,50,50,50,50,53,0,
50,50,51,49,50,50,50,53,0,
50,50,50,51,50,50,49,53,0,
50,50,50,50,49,50,50,52,0,
49,50,50,50,49,49,50,52,0,
50,50,50,50,50,50,49,52,0,
49,50,50,50,50,50,50,53,0,
50,50,50,50,50,50,50,52,0,
50,50,50,50,49,50,50,52,0,
49,49,50,50,49,50,50,52,0,
49,50,50,49,50,50,49,52,0,
50,50,51,50,50,50,50,52,0,
49,50,50,50,50,50,50,52,0,
50,50,50,52,49,51,51,52,0,
49,50,50,49,49,50,49,52,0,
50,50,50,50,49,50,49,52,0,
50,50,51,50,49,50,50,52,0,
50,49,50,50,50,49,49,52,0,
49,49,50,50,50,51,50,52,0,
50,49,50,49,49,50,50,52,0,
50,50,50,49,49,50,50,52,0,
50,51,50,49,50,50,50,52,0,
50,50,50,49,50,50,50,52,0,
50,50,50,49,49,50,50,53,0,
50,50,50,49,49,49,50,53,0,
50,51,51,50,50,50,50,52,0,
50,55,50,50,49,50,50,52,0,
51,49,50,49,49,50,50,53,0,
49,51,50,49,49,49,50,53,0,
50,50,51,49,49,50,49,53,0,
49,50,51,50,50,50,49,52,0,
50,50,50,51,49,50,50,52,0,
50,50,50,49,50,50,50,52,0,
49,50,50,50,49,49,50,53,0,
49,50,50,50,50,50,50,53,0,
49,50,50,50,49,49,51,52,0,
49,50,50,50,49,50,49,53,0,
49,50,50,50,49,49,50,52,0,
50,52,51,50,50,49,50,53,0,
49,50,50,49,50,49,49,53,0,
51,50,50,50,50,50,50,53,0,
50,49,50,50,50,50,50,52,0,
50,50,50,50,49,50,49,53,0,
49,50,50,50,49,49,49,52,0,
50,50,50,50,49,50,49,53,0,
49,50,50,50,50,50,50,53,0,
50,49,50,49,52,50,51,52,0,
49,50,49,50,49,50,49,55,0,
49,50,50,49,50,50,50,52,0,
50,50,50,49,50,50,50,52,0,
50,50,51,50,50,50,50,52,0,
50,49,51,50,49,50,50,52,0,
50,50,50,50,50,50,49,52,0,
50,50,50,51,49,50,50,52,0,
50,50,50,50,51,50,50,53,0,
51,50,50,49,50,50,49,53,0,
49,49,50,50,49,50,50,52,0,
49,50,50,50,50,50,50,52,0,
50,50,50,50,51,50,49,54,0,
49,50,50,50,49,49,50,52,0,
49,50,50,50,50,50,50,52,0,
49,49,49,49,49,50,50,54,0,
49,50,50,49,49,50,49,52,0,
50,50,50,50,49,50,49,53,0,
50,50,52,51,50,50,50,52,0,
51,50,50,50,49,49,50,52,0,
50,50,50,49,50,50,50,52,0,
49,50,52,50,50,49,49,54,0,
49,50,50,50,49,50,49,53,0,
50,50,50,49,49,50,50,52,0,
49,50,52,50,49,49,50,53,0,
50,50,50,50,49,49,50,53,0,
50,50,50,49,49,50,50,53,0,
49,50,50,49,49,49,50,53,0,
49,50,50,49,50,49,50,52,0,
49,50,50,49,50,49,50,53,0,
49,50,50,50,51,49,50,53,0,
49,50,50,50,51,49,50,53,0,
50,50,50,50,49,50,50,53,0,
49,50,49,49,49,49,49,52,0,
49,50,50,50,49,49,50,53,0,
49,50,50,50,49,50,50,52,0,
50,50,50,50,49,49,50,53,0,
49,50,50,50,50,50,50,52,0,
49,49,50,49,50,49,49,53,0,
51,50,50,50,49,50,51,53,0,
50,50,50,50,50,50,50,53,0,
50,50,50,50,49,50,49,52,0,
49,50,50,50,50,50,50,53,0,
51,50,50,50,49,50,49,53,0,
49,50,50,50,49,49,50,53,0,
49,50,50,50,49,50,49,53,0,
49,49,50,51,51,50,49,52,0,
50,50,50,50,49,49,50,52,0,
50,49,50,50,49,50,49,52,0,
49,50,50,50,50,50,50,52,0,
49,50,50,49,50,50,50,54,0,
49,50,50,50,50,50,51,52,0,
50,49,50,50,50,50,49,52,0,
50,49,50,49,50,49,51,52,0,
50,50,52,52,49,49,49,53,0,
50,50,50,50,49,50,49,52,0,
50,50,50,49,49,50,50,53,0,
49,50,50,51,49,50,50,52,0,
50,49,50,49,49,50,50,53,0,
50,50,50,50,49,50,51,52,0,
49,50,50,49,49,50,50,53,0,
49,50,50,49,49,49,49,53,0,
50,50,50,50,49,49,49,52,0,
49,50,50,50,49,50,50,53,0,
49,50,50,49,49,50,50,53,0,
49,50,50,49,49,50,49,53,0,
49,50,50,50,49,50,51,52,0,
49,50,50,49,49,49,50,53,0,
49,50,50,50,49,50,50,53,0,
49,50,50,49,50,50,50,53,0,
49,50,50,50,50,50,50,52,0,
49,49,51,50,50,49,50,53,0,
50,51,50,50,49,49,50,52,0,
49,49,50,50,49,49,49,53,0,
49,49,50,50,49,50,50,53,0,
49,50,50,50,51,50,49,53,0,
49,50,50,50,49,49,49,53,0,
50,50,50,50,50,49,50,55,0,
50,50,50,50,49,50,49,54,0,
50,50,50,49,50,49,49,52,0,
50,50,50,49,49,49,49,53,0,
50,49,50,50,49,50,50,57,0,
50,50,50,50,50,49,50,52,0,
50,50,50,50,49,50,49,52,0,
50,50,51,50,50,50,50,52,0,
49,50,50,49,49,50,49,52,0,
50,49,50,50,49,50,49,53,0,
50,49,50,50,50,51,49,52,0,
49,50,49,50,49,50,50,52,0,
50,50,50,51,50,50,50,53,0,
50,50,51,50,50,50,49,52,0,
50,49,50,50,50,50,49,52,0,
49,50,50,50,49,50,49,52,0,
50,50,50,50,49,51,50,52,0,
50,50,50,50,50,50,50,52,0,
49,50,51,50,50,50,50,53,0,
50,50,50,50,49,50,50,52,0,
49,50,50,50,50,50,49,53,0,
50,50,50,50,49,50,50,52,0,
50,50,51,50,49,50,50,53,0,
50,50,50,50,49,49,50,52,0,
50,50,50,49,49,50,51,53,0,
50,50,51,49,50,50,49,52,0,
49,50,51,50,49,50,50,53,0,
50,50,50,50,49,50,49,53,0,
49,50,50,50,49,50,50,53,0,
50,50,50,50,49,49,50,52,0,
50,50,50,49,49,50,50,52,0,
50,50,50,50,49,49,50,52,0,
50,50,51,50,50,51,50,53,0,
50,50,51,50,49,49,50,53,0,
49,50,50,50,50,49,49,52,0,
49,50,50,50,49,50,50,53,0,
49,50,50,50,51,50,51,53,0,
49,51,50,50,50,50,50,53,0,
49,50,50,50,49,50,49,53,0,
50,50,51,50,50,50,50,52,0,
50,50,50,49,50,50,49,52,0,
50,50,50,50,49,50,49,53,0,
50,50,49,50,49,50,49,53,0,
50,50,50,49,51,50,50,53,0,
50,51,50,50,49,50,50,52,0,
50,51,50,49,50,50,49,53,0,
50,50,50,50,50,50,49,53,0,
50,50,50,50,50,50,49,53,0,
50,50,50,50,49,49,50,52,0,
49,49,50,50,49,50,50,53,0,
50,50,50,50,49,50,49,52,0,
49,50,50,50,50,50,50,53,0,
49,50,51,50,50,49,49,53,0,
50,50,50,50,50,50,49,53,0,
50,49,51,50,49,50,49,53,0,
49,50,51,50,50,50,50,52,0,
50,50,50,50,49,49,49,53,0,
50,50,50,50,50,51,50,53,0,
50,49,51,50,50,50,50,52,0,
50,50,50,49,49,50,50,52,0,
50,50,50,50,49,49,49,52,0,
50,50,50,50,49,50,50,53,0,
50,50,50,49,49,50,50,52,0,
50,50,50,49,49,50,50,52,0,
50,50,51,50,49,50,49,52,0,
50,50,50,50,50,50,50,53,0,
50,50,50,50,51,50,50,52,0,
50,49,50,50,50,50,50,53,0,
49,50,51,50,50,50,50,53,0,
50,50,50,50,49,49,49,53,0,
49,50,51,50,49,49,50,52,0,
49,50,50,50,49,49,50,52,0,
50,50,50,50,50,50,50,53,0,
49,50,51,50,49,49,50,52,0,
49,50,51,49,49,50,50,54,0,
50,50,50,50,50,49,49,52,0,
50,50,51,50,50,50,50,52,0,
49,50,50,49,50,50,50,53,0,
50,50,50,50,50,50,50,53,0,
49,50,50,50,49,49,50,52,0,
49,49,50,49,50,49,50,53,0,
50,50,50,50,50,50,50,53,0,
49,50,50,50,49,49,49,53,0,
49,51,50,50,49,50,50,52,0,
49,50,50,49,49,50,49,53,0,
49,50,50,49,49,50,49,53,0,
50,50,50,50,50,49,50,52,0,
50,50,50,50,50,50,50,52,0,
49,50,50,50,50,49,50,53,0,
50,50,50,50,50,50,50,53,0,
50,50,50,50,52,50,49,52,0,
50,49,50,50,50,50,50,52,0,
49,50,50,51,50,50,49,52,0,
50,50,50,50,49,50,50,52,0,
50,50,51,50,50,49,49,52,0,
50,50,51,50,50,50,49,52,0,
50,50,50,50,50,50,50,52,0,
50,50,50,50,50,50,49,52,0,
50,50,50,50,49,50,50,53,0,
50,50,50,50,50,50,50,52,0,
50,50,50,49,49,50,50,52,0,
50,50,50,49,49,50,50,52,0,
49,50,51,50,49,50,50,52,0,
50,50,50,50,49,50,49,54,0,
49,50,51,49,49,50,49,53,0,
50,50,51,51,50,49,50,53,0,
50,50,50,49,49,50,50,53,0,
50,50,50,50,50,49,50,53,0,
49,50,50,50,49,50,49,53,0,
49,50,50,49,49,49,50,53,0,
49,50,50,49,50,49,50,52,0,
49,50,50,50,49,50,50,53,0,
49,50,50,49,49,50,50,52,0,
49,50,50,51,50,50,50,52,0,
49,50,50,49,49,49,50,53,0,
50,50,51,49,49,50,51,54,0,
49,50,50,50,50,50,50,53,0,
50,50,51,50,50,49,50,53,0,
49,50,50,50,49,50,50,53,0,
50,50,50,50,49,50,49,52,0,
49,50,50,50,50,49,49,53,0,
50,50,50,50,49,50,49,53,0,
51,50,50,50,49,51,49,53,0,
49,50,50,50,50,50,50,53,0,
50,50,50,49,50,49,50,53,0,
49,50,50,50,50,50,49,53,0,
49,50,50,50,50,49,49,53,0,
50,50,50,50,49,49,49,53,0,
50,50,51,50,50,50,50,52,0,
50,50,50,51,50,50,49,52,0,
50,50,50,50,49,50,50,53,0,
50,49,50,50,50,49,50,52,0,
50,50,50,50,50,51,50,52,0,
49,50,51,50,50,50,50,53,0,
49,49,51,50,50,50,49,52,0,
50,49,50,50,50,50,50,52,0,
49,49,50,50,50,50,50,52,0,
50,50,51,50,50,51,51,52,0,
50,50,50,50,50,50,50,52,0,
50,50,51,50,51,50,51,52,0,
50,51,51,49,49,49,49,53,0,
50,50,51,51,50,51,50,53,0,
50,50,50,49,49,50,50,53,0,
51,51,50,50,49,50,50,53,0,
49,50,51,49,49,50,51,53,0,
49,50,50,49,49,50,49,52,0,
50,49,51,50,49,50,49,53,0,
50,50,50,49,49,50,50,52,0,
50,50,50,50,49,50,50,53,0,
50,50,50,50,49,50,50,52,0,
50,50,50,49,49,50,49,53,0,
50,50,50,49,50,50,49,53,0,
49,50,50,50,50,50,50,53,0,
49,50,50,50,49,49,50,53,0,
49,51,51,50,49,50,50,52,0,
49,50,50,50,50,49,50,53,0,
50,50,50,50,49,50,50,53,0,
49,50,51,50,50,49,50,53,0,
49,50,51,50,50,49,49,52,0,
50,50,50,50,49,49,49,53,0,
49,49,50,49,50,49,49,53,0,
49,50,50,50,50,50,50,53,0,
50,50,50,50,49,49,50,52,0,
50,51,51,50,50,50,49,53,0,
50,50,50,50,50,51,50,53,0,
50,49,50,50,50,49,50,53,0,
50,50,50,49,49,50,49,53,0,
50,51,50,49,49,50,49,54,0,
50,50,50,51,50,50,51,54,0,
50,50,50,50,49,50,49,53,0,
50,50,50,50,49,50,50,52,0,
49,50,50,50,49,50,50,53,0,
50,50,50,50,50,50,50,52,0,
50,50,50,50,50,50,50,52,0,
50,50,50,50,50,50,49,52,0,
49,49,50,49,50,50,50,53,0,
50,50,51,50,50,50,50,52,0,
50,50,50,49,50,50,50,53,0,
50,50,51,50,49,50,50,52,0,
50,50,50,49,50,50,50,53,0,
50,50,50,49,49,51,50,53,0,
50,49,51,51,49,50,50,52,0,
51,51,50,50,49,50,50,52,0,
50,50,51,50,49,50,49,52,0,
49,50,50,50,49,50,50,53,0,
50,50,50,50,49,50,50,53,0,
49,50,51,50,50,50,49,53,0,
50,50,50,49,50,49,50,52,0,
50,50,50,49,50,50,50,53,0,
49,50,50,49,49,50,50,53,0,
50,50,50,50,49,50,50,52,0,
49,50,50,50,51,50,50,53,0,
49,50,50,50,50,49,50,53,0,
50,50,51,50,49,50,50,53,0,
49,49,51,50,50,49,50,53,0,
49,50,51,49,49,50,50,53,0,
49,50,51,50,50,50,50,53,0,
49,50,50,50,49,49,50,53,0,
49,50,50,50,50,50,50,53,0,
49,50,50,50,50,49,50,52,0,
50,50,50,50,49,51,50,53,0,
50,50,50,50,50,49,49,53,0,
50,50,50,50,49,49,50,52,0,
49,50,50,50,50,50,49,53,0,
49,50,50,50,50,50,50,53,0,
50,50,50,50,49,50,49,54,0,
50,50,50,50,50,50,49,54,0,
49,50,50,50,49,49,49,52,0,
50,50,51,50,50,50,49,52,0,
50,50,50,50,50,49,49,53,0,
50,50,50,51,50,50,51,52,0,
49,50,50,50,49,50,50,52,0,
50,49,51,50,50,50,50,53,0,
49,50,51,51,50,50,50,53,0,
50,50,50,50,49,50,50,52,0,
49,50,50,51,50,50,50,52,0,
49,50,50,50,49,50,49,53,0,
50,50,50,50,49,50,49,52,0,
50,50,51,49,49,50,50,52,0,
50,50,52,49,50,50,50,53,0,
50,50,50,50,50,49,50,52,0,
50,50,51,49,50,49,50,53,0,
50,50,50,49,50,50,50,53,0,
49,50,51,49,50,50,50,53,0,
49,51,50,50,50,49,50,53,0,
50,50,50,49,50,50,50,53,0,
49,50,50,49,49,50,50,53,0,
50,50,50,50,49,50,50,53,0,
49,50,50,51,50,50,50,53,0,
50,50,50,49,50,50,49,53,0,
49,50,50,50,49,50,50,53,0,
49,50,51,49,49,50,50,53,0,
49,50,50,49,49,50,50,52,0,
49,50,51,49,49,49,50,52,0,
50,52,51,50,49,50,51,52,0,
49,50,51,50,49,50,50,52,0,
49,50,50,50,49,49,50,52,0,
49,50,50,50,50,50,49,53,0,
50,51,50,49,49,49,50,53,0,
49,50,50,50,50,50,50,53,0,
50,50,50,50,50,50,49,53,0,
49,50,50,50,50,50,50,53,0,
50,50,50,49,49,49,50,53,0,
50,50,50,50,49,49,50,53,0,
50,50,50,50,49,49,50,53,0,
49,50,50,50,49,50,50,53,0,
49,50,50,50,49,51,50,53,0,
50,50,50,50,50,50,49,52,0,
50,50,50,50,50,50,49,53,0,
50,50,50,50,49,49,50,52,0,
49,50,51,49,50,50,50,52,0,
50,50,50,50,49,50,50,52,0,
50,50,50,50,50,50,50,52,0,
50,50,50,50,50,49,50,52,0,
50,49,50,51,50,50,50,52,0,
50,50,50,50,49,50,50,52,0,
50,50,50,49,49,50,50,53,0,
50,49,50,50,50,50,50,53,0,
50,49,50,50,49,50,50,53,0,
50,50,50,49,50,50,49,52,0,
49,50,50,50,49,50,50,52,0,
49,50,50,50,49,50,50,53,0,
50,50,51,50,49,50,50,52,0,
50,52,50,49,49,50,50,52,0,
49,50,50,50,50,50,50,52,0,
50,50,50,51,49,52,50,52,0,
50,50,50,49,49,50,50,52,0,
49,50,50,49,49,50,50,53,0,
50,50,50,49,50,50,50,53,0,
50,50,50,50,50,50,50,54,0,
50,50,51,49,49,50,50,53,0,
50,50,51,50,49,49,50,53,0,
49,50,50,50,50,50,50,53,0,
49,50,50,50,50,49,50,53,0,
49,50,50,50,50,49,50,53,0,
50,50,50,50,50,50,49,53,0,
50,50,50,50,50,49,49,53,0,
50,50,50,49,50,50,49,52,0,
49,50,50,51,50,49,50,53,0,
49,50,50,50,49,49,50,52,0,
50,50,50,50,50,50,50,53,0,
50,50,50,50,49,50,50,52,0,
50,51,50,50,50,50,49,53,0,
49,50,50,50,49,50,50,53,0,
49,51,51,50,50,50,50,53,0,
50,50,50,50,50,50,49,53,0,
50,50,50,50,50,50,50,52,0,
50,50,50,51,50,49,49,52,0,
50,50,50,50,49,50,52,52,0,
50,50,51,50,49,50,50,53,0,
49,51,50,50,49,50,50,52,0,
49,49,50,50,50,50,49,53,0,
50,50,50,50,50,50,50,52,0,
50,50,50,51,49,51,50,53,0,
49,49,51,49,51,50,50,52,0,
50,50,50,50,49,50,50,52,0,
50,50,51,50,50,50,50,53,0,
50,52,51,50,50,50,50,52,0,
50,50,51,50,50,50,50,53,0,
50,50,52,50,50,50,50,52,0,
50,50,50,49,50,50,50,53,0,
50,50,50,50,50,50,50,53,0,
49,50,50,49,50,50,50,52,0,
50,50,50,50,50,51,50,54,0,
50,50,50,50,49,50,50,52,0,
50,50,51,50,49,50,51,52,0,
50,50,50,49,49,50,50,52,0,
50,50,51,51,50,50,49,53,0,
49,50,51,50,49,49,50,53,0,
49,50,50,50,50,50,49,53,0,
49,50,51,50,50,50,51,53,0,
49,50,51,49,50,50,50,53,0,
49,50,50,50,50,49,49,53,0,
50,50,50,50,49,50,50,53,0,
49,50,51,50,49,49,50,52,0,
50,50,50,50,49,49,50,53,0,
50,50,50,50,50,50,49,53,0,
49,50,51,50,49,49,50,53,0,
49,50,50,52,50,49,50,53,0,
50,50,50,49,49,50,49,53,0,
50,50,50,50,50,50,50,53,0,
50,51,50,50,49,50,50,53,0,
50,50,50,50,50,50,50,52,0,
50,50,50,51,50,50,49,53,0,
49,50,50,50,49,50,50,53,0,
49,49,50,50,49,50,50,53,0,
50,51,50,49,50,49,49,53,0,
50,50,50,49,50,50,50,53,0,
50,49,50,50,50,51,51,52,0,
50,50,51,50,51,50,49,52,0,
50,50,50,50,50,50,50,53,0,
50,49,50,49,50,50,50,52,0,
50,50,50,50,50,50,50,52,0,
50,50,51,50,50,50,50,52,0,
50,50,50,50,51,50,49,52,0,
50,50,50,50,49,50,49,52,0,
49,50,50,50,50,49,50,52,0,
50,50,50,50,50,50,49,53,0,
50,50,50,49,49,51,50,52,0,
50,50,50,50,50,50,50,53,0,
51,50,50,49,50,50,50,53,0,
50,50,50,50,49,49,50,52,0,
50,50,51,50,49,50,49,52,0,
50,50,50,49,50,50,50,53,0,
49,50,50,50,50,49,50,52,0,
49,50,50,49,49,50,50,53,0,
49,50,50,50,49,49,50,53,0,
50,50,50,49,50,50,50,52,0,
49,50,50,49,49,50,50,53,0,
49,51,50,49,49,50,50,53,0,
50,50,50,50,49,49,49,52,0,
49,50,50,50,49,50,50,53,0,
51,50,50,49,50,50,50,53,0,
50,51,50,49,49,50,50,53,0,
50,50,50,50,50,49,50,53,0,
49,50,50,50,49,49,49,53,0,
49,51,50,50,49,51,50,53,0,
49,50,50,50,50,50,50,52,0,
49,50,50,50,50,50,50,53,0,
49,50,50,49,50,50,50,53,0,
49,50,51,50,50,50,51,53,0,
50,50,50,50,50,50,49,53,0,
50,50,51,50,50,49,49,53,0,
50,52,50,51,51,49,49,53,0,
49,50,52,50,49,51,49,53,0,
50,50,51,50,50,50,49,54,0,
51,50,50,50,49,50,49,53,0,
50,50,50,50,50,50,50,53,0,
50,50,50,51,50,50,50,52,0,
50,50,50,50,49,50,50,53,0,
50,49,50,50,50,50,50,52,0,
50,50,50,50,50,50,50,52,0,
49,49,50,50,50,50,49,53,0,
49,50,50,50,50,49,51,52,0,
49,50,50,51,50,50,51,53,0,
50,50,50,50,50,50,50,52,0,
50,49,50,50,50,50,50,53,0,
52,50,50,50,50,50,50,52,0,
50,49,50,50,49,49,50,52,0,
50,50,50,50,49,50,50,52,0,
50,50,50,49,50,50,50,53,0,
50,50,50,49,50,50,50,53,0,
50,50,50,50,49,50,50,53,0,
50,50,50,50,49,50,50,53,0,
50,51,51,49,49,50,50,53,0,
50,50,50,50,49,50,50,53,0,
50,50,50,49,49,50,50,52,0,
50,50,50,50,49,50,50,53,0,
49,50,51,50,50,50,51,53,0,
49,50,50,50,49,51,49,53,0,
49,50,51,49,50,50,50,53,0,
49,50,50,50,50,50,50,52,0,
50,50,50,49,49,50,50,52,0,
49,50,51,50,49,49,50,52,0,
50,50,50,50,49,49,50,53,0,
50,50,50,50,50,50,50,53,0,
49,50,50,50,50,50,49,53,0,
49,50,50,49,50,50,49,53,0,
50,49,50,50,49,50,49,53,0,
51,50,50,50,51,50,50,53,0,
50,51,50,50,49,50,49,53,0,
49,51,52,50,50,51,50,53,0,
50,50,50,50,50,49,50,52,0,
50,50,51,50,50,50,50,54,0,
50,50,50,50,50,49,49,52,0,
50,50,50,49,50,49,49,53,0,
49,49,49,50,50,50,50,53,0,
49,50,50,50,50,50,49,52,0,
50,50,50,50,49,50,50,52,0,
49,49,50,50,50,50,49,52,0,
50,50,50,50,50,50,50,53,0,
49,50,50,49,49,50,49,52,0,
49,50,51,50,50,50,51,52,0,
50,49,50,50,50,50,49,52,0,
50,49,50,49,50,50,52,53,0,
49,49,51,50,50,50,50,52,0,
50,50,50,50,49,50,50,52,0,
50,50,50,49,50,49,49,53,0,
50,50,50,50,49,50,50,52,0,
50,50,50,50,49,50,50,52,0,
50,50,50,50,50,50,50,52,0,
50,50,50,49,49,50,49,53,0,
49,49,51,51,49,51,50,52,0,
50,50,50,50,49,50,49,52,0,
50,50,50,50,49,50,50,52,0,
50,50,50,49,49,50,50,52,0,
50,50,51,50,49,50,50,53,0,
49,50,50,50,50,50,50,52,0,
50,50,50,50,50,50,50,53,0,
50,50,50,50,49,51,50,52,0,
49,50,51,49,49,49,50,53,0,
49,50,50,50,50,50,50,53,0,
49,50,50,50,49,50,50,53,0,
49,50,50,50,50,50,51,53,0,
50,50,50,50,49,50,50,52,0,
49,50,50,50,50,49,50,52,0,
49,50,50,50,50,50,50,53,0,
49,50,50,50,49,50,50,53,0,
49,50,50,50,50,50,50,52,0,
50,50,50,50,50,50,50,52,0,
49,50,50,50,49,50,49,52,0,
49,50,51,50,49,49,49,53,0,
50,50,50,50,50,49,50,53,0,
50,50,50,50,50,50,50,53,0,
49,50,50,50,50,50,50,52,0,
50,50,50,50,50,50,50,53,0,
50,49,50,50,49,50,50,53,0,
51,50,50,50,50,50,50,52,0,
50,50,51,50,50,51,50,53,0,
49,49,50,50,49,50,50,52,0,
50,49,50,51,50,50,49,53,0,
49,49,50,50,49,50,50,53,0,
49,50,51,51,51,50,49,52,0,
49,49,50,51,50,50,50,52,0,
50,50,50,49,49,50,50,53,0,
50,49,51,49,50,50,50,52,0,
50,50,50,49,49,50,50,52,0,
49,50,51,50,50,49,49,53,0,
50,50,50,49,50,49,50,52,0,
49,50,50,49,51,50,52,52,0,
50,50,50,50,49,50,50,53,0,
51,50,50,49,49,50,50,53,0,
49,49,50,49,49,50,50,54,0,
50,50,50,50,50,51,49,53,0,
50,50,51,49,50,50,50,53,0,
50,50,50,50,49,50,50,53,0,
49,50,51,50,50,50,49,53,0,
49,50,50,49,50,49,50,53,0,
49,52,50,50,50,50,50,53,0,
49,50,50,50,50,50,50,53,0,
49,50,51,50,50,49,50,52,0,
49,51,50,50,49,50,50,53,0,
49,50,50,50,49,49,50,52,0,
49,50,50,50,50,50,51,53,0,
50,51,50,49,50,50,50,53,0,
49,49,50,49,50,50,50,53,0,
50,50,50,50,49,49,49,52,0,
50,50,51,49,50,50,49,53,0,
50,50,50,49,50,50,50,52,0,
50,50,50,50,49,50,49,53,0,
50,50,50,50,50,50,50,54,0,
50,50,50,49,50,50,50,53,0,
50,50,50,50,50,50,50,53,0,
49,50,50,51,50,49,49,53,0,
50,50,50,50,50,49,49,52,0,
50,50,50,50,50,50,50,52,0,
50,49,50,50,50,50,50,53,0,
50,50,50,50,50,50,49,53,0,
49,50,50,50,49,50,50,53,0,
51,50,50,50,50,50,50,52,0,
50,49,50,50,50,50,50,52,0,
50,50,50,50,50,50,50,52,0,
50,50,50,50,50,50,49,52,0,
49,50,51,50,50,50,50,53,0,
51,50,51,50,50,50,49,52,0,
50,50,51,50,50,50,50,52,0,
49,50,50,50,50,50,50,52,0,
50,50,50,50,50,50,50,52,0,
49,50,50,50,49,50,50,53,0,
49,50,50,50,49,50,50,52,0,
50,50,51,50,49,50,50,52,0,
50,50,50,49,50,50,49,52,0,
50,50,51,49,50,50,50,52,0,
49,50,50,49,49,49,50,53,0,
49,50,50,51,50,50,50,53,0,
49,50,50,49,49,50,50,53,0,
49,50,50,49,50,50,50,52,0,
49,50,50,49,50,50,50,52,0,
50,50,50,50,50,50,50,52,0,
50,50,50,49,49,51,50,54,0,
49,50,50,49,49,49,50,52,0,
50,50,51,50,50,50,50,53,0,
50,50,51,50,51,49,50,53,0,
49,51,51,49,50,49,50,53,0,
49,50,51,50,49,49,49,52,0,
49,52,50,50,50,50,50,53,0,
50,50,50,50,49,50,49,52,0,
50,50,50,50,49,51,49,53,0,
49,50,51,50,50,49,50,53,0,
50,50,50,50,50,50,49,53,0,
49,50,50,50,51,50,50,53,0,
50,50,50,50,50,50,49,53,0,
49,50,50,50,49,51,49,54,0,
50,50,50,52,49,50,50,52,0,
50,51,50,50,49,50,50,52,0,
50,50,51,50,49,50,49,52,0,
50,50,50,50,49,50,50,52,0,
49,49,50,50,50,50,49,53,0,
50,50,50,50,49,50,51,52,0,
50,50,50,50,50,50,49,52,0,
50,50,50,50,50,50,50,52,0,
49,50,50,50,50,50,50,52,0,
50,49,50,50,49,50,50,53,0,
50,49,50,50,50,50,50,53,0,
50,50,50,49,50,50,50,52,0,
50,50,50,49,50,50,49,53,0,
50,50,50,50,49,50,50,53,0,
50,51,50,50,50,50,49,52,0,
50,51,50,50,50,50,50,52,0,
50,50,50,50,50,50,50,52,0,
50,50,50,50,50,50,50,53,0,
50,50,50,50,50,50,50,53,0,
50,50,50,49,49,50,50,52,0,
50,50,50,49,49,50,49,52,0,
49,51,51,50,49,49,50,53,0,
49,50,50,50,49,49,50,53,0,
49,50,50,49,49,50,50,53,0,
50,50,51,50,49,50,50,53,0,
49,50,51,49,49,49,50,52,0,
50,50,50,50,49,49,50,52,0,
50,51,52,50,49,50,50,53,0,
50,50,50,50,50,50,50,53,0,
49,49,50,50,50,49,50,52,0,
49,50,50,50,49,49,50,53,0,
50,50,50,50,50,50,50,52,0,
49,50,50,50,50,49,50,53,0,
50,50,50,50,50,50,50,53,0,
49,50,50,50,50,49,50,53,0,
50,52,50,50,49,50,50,53,0,
50,50,51,50,49,50,50,53,0,
49,50,50,50,50,50,49,52,0,
50,50,50,50,49,50,49,53,0,
49,50,49,50,50,50,50,53,0,
50,50,50,50,50,50,50,53,0,
49,50,50,50,50,50,50,52,0,
50,50,50,49,50,50,50,53,0,
50,50,50,50,49,50,50,53,0,
49,50,50,50,50,50,50,52,0,
50,50,50,50,50,50,50,52,0,
51,50,50,50,50,50,50,52,0,
50,50,50,50,50,49,50,52,0,
49,50,50,50,49,50,49,52,0,
51,50,50,49,50,50,50,54,0,
49,50,51,50,50,50,50,52,0,
49,50,50,49,49,50,50,52,0,
49,50,50,50,49,50,50,52,0,
50,50,50,50,49,50,50,52,0,
50,50,50,50,49,50,50,52,0,
50,49,51,50,49,49,51,52,0,
50,50,50,50,50,50,49,53,0,
50,50,50,49,49,50,50,54,0,
50,49,50,49,50,51,51,53,0,
50,50,50,50,49,50,50,52,0,
50,50,51,49,50,50,50,53,0,
49,50,50,49,49,50,50,53,0,
50,50,50,50,49,50,50,53,0,
49,50,51,50,50,50,51,53,0,
49,50,51,49,50,50,50,53,0,
50,50,50,50,50,50,50,53,0,
49,50,50,50,50,50,50,52,0,
49,50,50,50,50,50,50,53,0,
50,50,50,51,50,49,50,53,0,
50,50,50,50,50,50,50,53,0,
49,50,50,50,50,50,50,52,0,
50,50,50,50,49,50,50,52,0,
50,50,50,50,49,51,50,53,0,
50,50,50,50,49,49,49,53,0,
50,50,50,50,49,50,49,53,0,
50,51,50,49,49,50,49,53,0,
50,50,50,50,50,50,50,53,0,
50,50,50,50,50,50,50,53,0,
49,50,50,50,50,50,50,53,0,
50,51,50,50,49,50,49,52,0,
50,50,50,50,50,50,49,53,0,
49,50,50,50,50,50,50,52,0,
51,50,50,50,49,50,50,52,0,
50,49,50,50,50,50,50,53,0,
49,50,50,50,50,50,50,52,0,
50,50,50,50,50,50,50,53,0,
49,50,50,52,50,50,50,52,0,
49,49,50,50,51,50,51,52,0,
50,50,50,50,49,50,50,53,0,
50,49,50,50,50,49,50,52,0,
50,50,50,50,49,50,50,52,0,
51,50,51,50,49,49,50,52,0,
49,50,50,49,50,50,50,52,0,
50,50,50,50,49,51,50,53,0,
49,50,50,49,50,50,50,52,0,
51,50,50,50,49,50,50,52,0,
50,50,51,50,49,50,50,53,0,
50,52,50,50,50,50,50,53,0,
50,50,50,49,50,50,50,53,0,
49,50,50,50,49,49,50,53,0,
50,50,51,49,49,49,50,52,0,
50,50,50,49,50,50,50,53,0,
49,50,50,50,50,50,51,52,0,
50,50,50,50,50,50,50,52,0,
49,50,50,50,49,50,51,53,0,
49,50,51,50,49,50,50,52,0,
50,50,51,50,50,49,50,53,0,
50,50,50,50,50,49,50,53,0,
49,50,51,50,49,50,50,53,0,
50,50,50,50,50,50,50,53,0,
50,50,50,50,50,49,49,53,0,
50,50,50,50,49,49,49,53,0,
49,50,50,50,50,49,50,53,0,
50,50,50,50,49,49,50,53,0,
49,50,50,50,50,50,49,53,0,
49,50,50,50,50,50,49,53,0,
50,51,50,50,49,50,49,53,0,
50,50,50,50,49,50,49,52,0,
50,50,50,51,50,49,51,53,0,
50,50,50,49,50,50,50,53,0,
50,50,50,50,50,50,49,52,0,
50,50,50,50,50,50,50,53,0,
50,50,50,50,49,51,50,53,0,
50,50,50,51,50,50,50,52,0,
50,50,50,50,49,50,49,52,0,
50,50,51,50,49,50,50,53,0,
50,50,50,50,50,50,50,52,0,
50,50,50,49,50,50,49,52,0,
50,50,51,51,50,50,50,52,0,
50,50,50,50,50,50,50,53,0,
50,50,50,50,49,50,50,53,0,
49,49,50,50,50,50,51,53,0,
50,50,50,49,49,50,50,53,0,
50,50,50,49,49,50,50,53,0,
50,50,51,50,49,50,50,52,0,
49,50,50,49,50,50,49,53,0,
50,50,51,50,49,50,50,53,0,
50,50,50,50,50,50,50,53,0,
50,50,50,49,49,52,50,53,0,
49,50,50,50,50,50,50,52,0,
49,50,50,49,50,50,50,53,0,
50,50,50,50,50,50,50,53,0,
49,50,50,50,49,49,49,52,0,
50,50,50,50,49,50,49,53,0,
50,50,51,50,49,49,50,52,0,
50,50,51,50,50,49,50,53,0,
50,50,51,50,50,49,49,53,0,
50,51,51,50,50,49,50,53,0,
49,50,50,50,50,49,50,53,0,
50,50,50,50,52,50,50,53,0,
50,50,50,50,50,49,50,53,0,
49,50,50,50,49,50,50,53,0,
49,51,50,50,50,50,49,52,0,
49,50,50,50,50,49,50,53,0,
49,51,50,49,49,50,49,53,0,
50,50,51,50,50,50,50,52,0,
50,50,50,50,49,50,49,53,0,
49,50,50,50,50,50,50,53,0,
50,50,51,50,50,52,50,52,0,
50,50,50,50,50,50,49,52,0,
50,50,50,50,50,49,49,52,0,
49,50,50,50,49,50,49,52,0,
49,49,50,50,49,49,49,52,0,
50,49,50,50,50,49,50,53,0,
49,50,50,50,50,51,50,53,0,
50,50,50,50,49,50,50,53,0,
50,50,50,50,50,50,50,52,0,
50,50,50,50,50,50,49,52,0,
49,49,50,50,50,49,50,52,0,
50,50,50,50,49,50,49,52,0,
50,50,50,49,49,50,50,53,0,
50,50,50,50,49,50,50,52,0,
50,50,50,50,50,50,50,52,0,
49,50,51,50,50,50,50,53,0,
50,50,50,51,49,50,50,53,0,
50,50,50,49,49,50,50,53,0,
50,50,50,50,50,50,50,52,0,
50,50,50,49,49,50,51,52,0,
50,50,51,51,49,50,50,52,0,
50,50,50,50,50,50,49,53,0,
49,50,50,50,49,49,50,53,0,
49,52,50,50,50,50,50,53,0,
49,50,50,49,49,50,50,53,0,
49,50,50,50,50,49,50,52,0,
49,50,51,50,50,50,50,53,0,
49,50,50,49,50,50,50,53,0,
49,50,50,50,49,50,50,53,0,
50,50,50,50,49,50,50,52,0,
49,50,50,50,49,49,50,53,0,
50,50,50,50,51,49,50,52,0,
50,50,50,50,49,50,50,53,0,
49,51,51,50,50,50,50,53,0,
50,50,52,50,49,50,50,53,0,
50,50,50,50,50,50,50,53,0,
49,50,50,50,50,50,50,53,0,
50,50,50,50,49,50,50,53,0,
50,50,50,50,49,50,49,53,0,
49,50,50,50,50,50,50,52,0,
51,50,50,50,50,50,50,53,0,
50,50,50,50,50,50,49,52,0,
49,50,50,50,50,50,50,52,0,
50,50,50,50,50,50,49,53,0,
50,50,50,50,50,50,50,52,0,
50,50,50,49,50,50,50,52,0,
50,50,50,50,50,50,49,53,0,
50,49,50,50,50,49,49,51,0,
50,51,50,50,49,50,49,52,0,
50,50,50,50,50,50,50,52,0,
50,50,50,50,50,49,50,52,0,
50,50,50,50,49,50,50,53,0,
49,49,50,50,50,50,50,52,0,
49,50,50,49,49,50,50,53,0,
50,50,50,50,49,50,50,52,0,
50,50,50,50,49,50,49,53,0,
50,50,50,49,49,51,49,53,0,
50,50,51,50,50,50,50,54,0,
50,50,51,49,49,50,50,53,0,
50,50,50,49,49,50,50,52,0,
49,50,50,50,49,50,50,53,0,
50,50,50,49,50,50,50,53,0,
49,51,50,50,50,50,50,53,0,
49,50,50,49,49,49,50,52,0,
49,50,50,50,49,50,50,53,0,
50,50,50,50,50,49,50,53,0,
50,50,50,50,49,49,51,53,0,
49,50,50,50,50,49,49,53,0,
50,49,51,49,51,50,50,53,0,
49,50,50,50,50,49,49,53,0,
51,50,50,50,50,50,50,53,0,
49,51,50,50,50,50,50,53,0,
49,50,50,50,49,49,50,53,0,
49,50,50,50,50,50,49,52,0,
50,50,50,50,50,50,50,53,0,
49,50,50,50,49,50,50,53,0,
49,51,50,50,50,51,50,53,0,
50,51,50,49,49,50,49,53,0,
50,50,51,50,50,50,50,53,0,
50,50,50,50,50,50,49,53,0,
49,50,50,50,52,50,50,53,0,
50,50,50,50,50,50,50,52,0,
50,50,50,52,50,50,50,52,0,
49,50,50,50,50,50,49,52,0,
49,50,50,50,50,50,49,52,0,
50,50,50,50,50,50,49,52,0,
49,50,50,50,50,50,50,52,0,
50,49,50,49,50,50,49,53,0,
50,50,51,50,49,50,50,54,0,
50,50,51,50,50,50,50,52,0,
50,50,50,50,49,50,50,53,0,
49,50,51,50,50,49,50,52,0,
50,49,50,50,50,50,50,53,0,
49,50,50,49,49,50,50,53,0,
50,49,50,50,49,49,50,52,0,
50,50,50,49,49,50,50,53,0,
50,50,52,49,49,51,50,53,0,
50,50,51,50,49,50,50,52,0,
50,50,50,49,49,50,49,52,0,
50,50,50,50,50,50,50,53,0,
49,50,51,50,49,49,50,52,0,
50,51,51,50,49,50,50,53,0,
49,49,51,49,49,50,50,53,0,
50,50,51,49,49,50,49,53,0,
49,50,50,50,49,49,50,53,0,
50,50,50,50,50,50,50,53,0,
49,50,49,50,49,50,49,53,0,
49,50,50,50,50,49,50,52,0,
49,51,50,50,49,50,49,52,0,
49,50,50,50,49,49,50,53,0,
50,50,51,50,49,50,49,52,0,
49,50,50,50,50,50,51,53,0,
50,50,50,50,50,50,50,53,0,
50,50,50,50,49,50,49,53,0,
49,50,50,50,50,50,49,52,0,
50,50,51,50,50,49,50,53,0,
49,50,50,50,49,50,50,52,0,
49,50,50,50,51,49,50,53,0,
50,50,50,50,51,50,50,52,0,
50,50,50,50,49,50,50,53,0,
49,50,50,50,50,50,50,52,0,
50,50,50,50,50,50,49,53,0,
49,49,50,50,50,50,50,52,0,
49,50,50,49,50,50,50,52,0,
50,50,51,50,49,50,50,52,0,
50,50,50,49,49,50,49,53,0,
50,50,52,50,50,50,50,52,0,
50,50,50,50,49,50,50,52,0,
50,49,50,52,50,50,49,52,0,
50,49,50,50,50,50,49,52,0,
51,50,50,49,50,50,52,52,0,
49,50,50,50,50,50,50,52,0,
50,50,50,50,49,50,50,52,0,
49,50,50,50,50,49,50,53,0,
49,50,50,50,50,50,49,52,0,
51,51,50,50,49,50,50,53,0,
50,50,50,50,49,50,50,53,0,
50,49,51,49,50,50,50,54,0,
49,50,51,49,49,50,50,52,0,
49,51,50,50,50,51,50,53,0,
49,50,50,50,50,50,50,53,0,
50,50,50,50,49,49,50,53,0,
50,50,51,50,49,50,51,53,0,
49,50,51,49,49,51,50,53,0,
50,50,51,50,50,50,52,54,0,
50,50,51,49,49,50,50,52,0,
49,49,51,50,50,49,50,53,0,
49,50,50,50,50,49,50,52,0,
50,51,50,50,49,50,50,53,0,
49,50,50,50,51,50,50,53,0,
49,50,50,50,50,49,51,53,0,
49,50,50,50,49,50,50,53,0,
50,50,50,50,49,51,50,54,0,
49,50,50,50,50,50,49,52,0,
50,50,50,50,50,50,49,52,0,
50,50,51,50,50,49,50,52,0,
50,50,51,50,50,50,49,53,0,
49,50,51,50,50,49,49,53,0,
50,50,50,50,50,50,50,52,0,
50,51,50,50,49,50,49,53,0,
49,51,50,50,50,49,49,52,0,
50,51,50,50,50,49,50,52,0,
50,50,50,49,50,50,50,52,0,
50,49,50,50,50,50,50,52,0,
49,50,50,50,50,50,50,52,0,
49,50,50,50,50,50,50,52,0,
50,50,50,50,50,50,50,52,0,
49,51,50,50,50,50,49,53,0,
50,49,50,50,50,50,50,52,0,
50,50,50,50,50,50,49,52,0,
49,50,50,50,50,50,49,52,0,
50,49,50,50,49,50,49,52,0,
50,50,50,50,49,50,49,52,0,
50,50,50,49,50,50,50,52,0,
50,50,50,49,50,50,51,53,0,
50,50,52,49,49,50,50,53,0,
49,50,50,50,49,50,50,53,0,
50,50,50,50,50,50,50,53,0,
50,50,50,50,49,50,50,52,0,
49,50,50,50,50,50,50,52,0,
49,50,50,49,49,50,49,53,0,
50,50,50,50,50,49,49,53,0,
50,50,50,50,50,50,50,53,0,
49,50,50,50,49,50,50,53,0,
49,50,51,51,50,50,50,52,0,
49,51,50,49,50,50,50,53,0,
50,50,50,50,49,49,50,53,0,
49,50,50,50,49,49,50,53,0,
49,50,50,50,49,49,50,53,0,
49,50,51,50,50,50,49,53,0,
49,50,50,50,50,50,50,53,0,
49,50,50,50,50,49,49,53,0,
50,50,50,50,50,49,50,53,0,
50,50,50,50,50,49,50,53,0,
49,50,50,50,50,49,50,53,0,
50,50,50,50,50,50,51,53,0,
50,50,50,50,49,50,49,53,0,
51,50,50,50,50,50,49,53,0,
50,50,50,50,50,50,49,52,0,
50,50,50,50,49,50,49,53,0,
49,50,50,50,50,49,50,52,0,
50,50,50,49,49,50,49,52,0,
50,50,51,50,51,50,50,52,0,
49,50,50,50,50,50,49,52,0,
49,50,50,50,49,50,50,52,0,
50,49,50,50,51,49,50,53,0,
50,50,50,50,49,50,49,52,0,
50,50,50,50,49,50,49,52,0,
50,50,51,50,50,50,50,52,0,
50,49,50,50,49,50,50,53,0,
50,49,51,50,49,50,50,52,0,
49,50,51,50,50,50,50,53,0,
49,50,50,50,49,50,50,53,0,
50,50,51,49,49,50,50,52,0,
49,50,50,50,49,51,49,54,0,
50,49,51,50,49,50,50,53,0,
50,50,51,50,49,50,49,53,0,
50,50,50,50,49,50,50,53,0,
50,50,50,50,49,49,50,53,0,
49,50,50,49,49,50,49,52,0,
50,50,50,50,50,49,50,52,0,
49,50,50,50,49,49,50,52,0,
50,50,51,50,50,49,50,53,0,
49,50,51,50,50,49,50,52,0,
50,50,50,49,49,49,50,53,0,
50,51,51,50,50,49,50,53,0,
49,50,50,49,49,49,50,53,0,
49,50,51,50,49,50,50,53,0,
50,50,51,49,50,50,50,53,0,
50,50,50,50,50,49,51,53,0,
49,50,50,50,50,50,50,53,0,
50,51,50,50,49,50,51,52,0,
49,50,50,50,49,50,51,52,0,
49,50,51,50,49,49,50,52,0,
49,50,50,51,50,50,50,53,0,
50,50,50,50,49,50,50,53,0,
50,50,50,50,50,51,49,52,0,
50,50,50,50,50,50,50,53,0,
50,50,50,50,50,50,50,52,0,
49,50,50,50,50,49,49,53,0,
50,50,50,50,50,50,49,53,0,
50,49,50,50,49,49,50,53,0,
50,50,50,50,49,49,49,53,0,
50,50,50,50,49,50,50,53,0,
50,49,50,50,50,50,49,52,0,
51,50,51,50,50,50,50,52,0,
49,49,50,50,50,50,49,53,0,
49,49,50,50,50,50,51,52,0,
50,50,50,49,50,50,50,52,0,
50,51,50,50,49,49,50,53,0,
51,49,50,50,50,50,50,53,0,
50,50,50,50,49,50,50,53,0,
49,50,50,50,50,50,50,52,0,
49,50,50,49,50,50,50,53,0,
49,50,51,49,49,50,50,53,0,
49,50,50,49,50,50,50,52,0,
50,50,50,49,49,50,49,53,0,
50,49,51,50,49,50,50,52,0,
50,50,50,49,49,49,50,52,0,
50,50,50,49,50,50,49,53,0,
50,50,51,49,50,50,49,54,0,
49,50,51,49,49,50,49,53,0,
49,50,50,50,49,50,49,53,0,
49,50,51,50,50,49,50,53,0,
50,50,51,50,53,50,49,53,0,
49,50,51,50,50,49,50,52,0,
50,50,50,50,49,49,50,53,0,
49,50,50,50,50,50,49,53,0,
50,50,51,50,50,50,50,52,0,
49,50,50,50,49,49,50,53,0,
49,49,50,50,50,50,49,53,0,
50,49,50,50,50,49,50,53,0,
50,50,50,50,50,52,49,53,0,
49,50,50,49,50,49,50,53,0,
50,50,50,51,49,50,50,53,0,
50,52,50,50,49,50,50,53,0,
50,50,51,49,49,50,49,53,0,
50,50,50,50,50,49,49,53,0,
49,50,50,50,50,50,50,53,0,
50,50,50,50,50,50,50,53,0,
50,50,50,50,50,50,50,53,0,
49,50,50,50,50,49,50,52,0,
49,49,50,50,50,49,49,52,0,
50,49,50,50,50,50,49,53,0,
50,50,50,50,50,50,49,52,0,
50,50,51,50,50,51,49,53,0,
50,50,50,50,49,50,51,52,0,
50,49,50,50,50,50,49,52,0,
50,50,50,50,49,50,49,52,0,
50,50,50,49,50,50,50,52,0,
50,50,50,49,50,49,50,53,0,
50,50,50,50,49,50,50,53,0,
49,50,50,50,49,50,50,53,0,
51,50,50,50,49,49,49,52,0,
50,49,51,49,49,50,50,53,0,
50,51,51,50,49,50,50,53,0,
50,50,50,50,49,50,49,53,0,
49,50,51,50,50,49,50,53,0,
50,50,51,49,49,50,50,53,0,
50,50,50,50,49,50,50,52,0,
50,50,50,50,49,49,50,52,0,
49,50,50,49,49,49,50,52,0,
49,50,50,50,49,50,51,53,0,
50,49,51,50,50,49,50,53,0,
50,50,50,50,49,49,50,53,0,
50,50,51,50,50,49,50,53,0,
49,51,50,49,49,49,50,53,0,
49,50,50,50,50,50,50,53,0,
49,50,51,50,50,50,51,52,0,
50,50,52,50,50,50,50,52,0,
49,50,50,50,50,50,50,53,0,
50,50,50,50,49,51,49,53,0,
50,50,51,50,49,49,50,53,0,
49,50,50,50,50,50,50,53,0,
49,50,50,49,49,50,49,53,0,
49,50,51,50,50,49,49,53,0,
50,50,50,49,50,50,49,53,0,
50,50,50,50,50,50,50,53,0,
49,50,50,50,50,49,51,53,0,
50,50,50,50,50,50,49,53,0,
49,50,50,50,49,50,49,52,0,
50,50,50,50,49,50,50,53,0,
50,50,50,50,50,49,49,53,0,
49,50,50,50,50,50,50,53,0,
49,50,50,49,50,50,50,52,0,
50,50,50,50,50,50,49,52,0,
50,49,50,50,49,50,50,53,0,
49,50,50,50,49,50,50,52,0,
50,50,50,51,50,50,50,53,0,
50,50,50,49,50,50,50,52,0,
49,50,50,50,50,50,50,52,0,
49,50,51,49,49,50,50,52,0,
50,50,50,50,49,50,50,52,0,
50,50,50,49,49,50,50,53,0,
50,52,50,49,49,50,50,52,0,
50,50,50,49,49,50,49,52,0,
50,50,51,49,50,51,49,52,0,
50,49,50,49,49,50,50,52,0,
50,50,50,49,50,50,50,53,0,
49,50,50,49,49,49,50,52,0,
50,50,50,50,49,50,50,52,0,
49,50,50,50,50,50,50,53,0,
49,50,50,50,50,50,50,52,0,
50,50,50,50,50,50,50,52,0,
50,50,51,50,51,50,50,52,0,
49,50,50,49,49,49,50,53,0,
49,50,50,50,49,50,50,53,0,
50,50,50,50,50,50,50,52,0,
50,50,52,50,50,49,50,53,0,
50,50,50,50,50,49,50,53,0,
49,50,51,51,49,49,50,53,0,
49,50,50,49,49,50,49,53,0,
49,50,50,49,49,49,50,53,0,
50,50,50,50,49,50,49,53,0,
50,50,50,50,49,49,50,53,0,
50,50,50,50,49,49,49,53,0,
50,50,50,50,49,50,49,53,0,
49,50,50,50,49,50,50,53,0,
49,50,50,50,49,50,50,53,0,
50,50,50,50,49,50,49,53,0,
50,50,50,49,50,49,50,53,0,
49,50,50,50,50,50,50,52,0,
49,49,50,50,50,50,50,52,0,
50,49,51,50,49,50,50,52,0,
51,50,50,51,49,50,50,53,0,
50,50,50,50,50,52,50,53,0,
50,49,50,50,50,50,50,53,0,
50,50,50,51,50,50,50,53,0,
50,50,50,50,51,50,50,52,0,
49,50,50,50,49,50,50,53,0,
49,49,50,50,50,50,50,53,0,
49,50,50,50,50,50,50,53,0,
50,50,51,49,49,50,50,52,0,
49,50,50,49,50,50,50,52,0,
50,50,51,49,49,50,50,53,0,
49,50,50,49,49,50,50,53,0,
49,50,50,50,50,49,50,52,0,
50,49,50,50,49,50,49,53,0,
49,50,51,49,49,50,50,53,0,
49,50,50,51,49,50,50,53,0,
50,50,50,50,49,50,50,53,0,
49,50,51,49,50,49,50,53,0,
50,50,50,50,49,49,50,53,0,
49,50,50,50,50,50,50,53,0,
50,50,50,50,50,50,50,53,0,
51,50,50,50,50,50,50,53,0,
49,50,50,50,49,49,50,53,0,
50,50,51,50,50,50,50,53,0,
49,50,50,50,50,50,49,53,0,
49,50,50,50,50,50,49,53,0,
49,50,51,50,49,50,49,53,0,
49,50,50,52,49,50,51,54,0,
50,50,50,51,50,49,51,53,0,
49,50,50,50,50,50,49,52,0,
50,50,51,50,50,49,50,53,0,
50,50,50,50,50,50,49,53,0,
49,50,50,50,50,50,49,53,0,
49,50,50,50,50,50,50,52,0,
50,50,50,50,49,52,49,52,0,
49,49,50,50,49,50,50,53,0,
50,50,51,50,50,50,50,53,0,
49,49,50,50,50,50,50,52,0,
50,49,50,50,50,50,50,52,0,
50,50,50,50,50,50,50,53,0,
49,50,50,50,49,50,50,52,0,
50,50,50,50,50,50,50,52,0,
50,50,50,50,49,50,50,52,0,
50,50,51,50,50,50,50,52,0,
50,50,50,49,50,50,51,53,0,
50,50,50,50,49,49,49,52,0,
50,49,50,50,49,50,50,52,0,
50,49,50,50,49,50,50,52,0,
50,50,51,50,50,50,50,53,0,
50,50,50,50,50,50,50,53,0,
50,50,50,49,49,50,50,53,0,
50,50,50,49,50,49,50,52,0,
50,50,50,50,50,50,51,53,0,
49,50,51,50,49,49,50,53,0,
51,50,51,50,49,49,49,52,0,
50,50,51,50,49,50,50,53,0,
49,50,50,50,50,50,50,52,0,
49,50,51,50,50,50,50,53,0,
49,50,51,50,49,50,50,53,0,
50,50,50,50,49,49,50,52,0,
49,50,52,51,50,50,50,53,0,
49,50,50,50,49,50,50,52,0,
49,50,51,50,50,49,50,53,0,
49,50,50,50,50,49,50,53,0,
49,50,50,50,50,50,49,54,0,
49,50,50,49,49,49,50,53,0,
50,50,50,50,49,50,50,53,0,
50,50,50,50,49,50,49,53,0,
50,50,50,50,49,49,49,53,0,
50,50,50,50,50,50,50,53,0,
49,50,50,50,49,49,50,53,0,
50,50,50,50,50,50,49,53,0,
49,50,50,50,50,50,49,53,0,
50,50,50,50,50,50,49,53,0,
50,50,50,49,49,52,50,53,0,
49,50,50,50,50,50,49,52,0,
49,50,50,50,50,50,50,52,0,
50,50,50,50,50,50,50,52,0,
50,50,50,50,50,49,50,52,0,
50,51,50,50,50,50,50,53,0,
51,50,50,50,51,50,50,52,0,
50,50,51,50,50,50,50,52,0,
50,50,50,50,49,50,50,53,0,
49,49,50,50,50,50,50,52,0,
50,50,50,50,49,50,49,52,0,
49,50,50,49,49,50,50,53,0,
50,50,50,50,51,50,50,53,0,
50,50,50,51,49,50,50,53,0,
49,50,52,49,49,50,50,53,0,
50,50,50,50,49,50,49,53,0,
50,50,50,49,49,50,50,53,0,
49,50,50,49,49,50,50,52,0,
49,50,50,50,49,49,50,53,0,
49,51,50,50,49,50,50,53,0,
49,50,50,49,49,49,50,53,0,
50,50,50,50,50,50,49,53,0,
50,50,51,49,50,49,50,53,0,
49,50,51,50,49,49,50,52,0,
49,50,51,50,49,49,50,54,0,
49,50,51,50,50,49,50,53,0,
49,50,50,49,50,49,50,53,0,
49,50,50,49,50,49,50,53,0,
49,50,50,50,50,50,50,52,0,
50,51,50,50,50,49,50,52,0,
50,50,50,50,50,50,50,52,0,
50,50,50,50,49,50,49,52,0,
50,51,51,50,49,50,50,53,0,
50,50,50,50,50,50,49,53,0,
49,50,51,49,49,50,49,52,0,
49,50,50,50,50,50,50,53,0,
50,51,50,50,50,50,50,53,0,
50,50,50,50,50,50,49,53,0,
50,50,50,50,50,50,49,52,0,
51,50,50,50,49,50,49,53,0,
50,49,50,50,49,49,50,53,0,
50,50,50,50,49,50,50,53,0,
49,50,50,50,50,50,49,52,0,
50,50,50,50,50,50,50,52,0,
50,50,50,50,50,50,49,52,0,
50,50,50,50,50,50,49,52,0,
52,50,50,50,49,49,50,52,0,
50,50,50,50,50,50,49,52,0,
50,50,51,49,49,50,50,52,0,
50,50,51,50,50,50,50,53,0,
50,49,50,49,49,49,50,52,0,
50,50,50,50,50,50,50,53,0,
50,50,50,49,50,50,50,53,0,
50,50,50,49,50,50,50,53,0,
49,50,51,49,50,50,50,53,0,
50,50,50,50,49,50,50,52,0,
50,50,50,50,50,49,51,52,0,
50,50,51,50,49,49,50,53,0,
50,50,51,49,49,50,49,53,0,
50,50,50,50,49,50,50,53,0,
50,50,50,50,49,50,50,53,0,
49,50,51,49,50,50,49,53,0,
50,50,50,50,49,50,50,53,0,
50,50,50,50,50,49,50,53,0,
49,50,50,50,50,50,50,52,0,
49,50,51,49,49,49,50,53,0,
50,49,50,50,50,49,50,53,0,
50,50,51,50,50,49,49,52,0,
49,50,50,50,50,50,49,53,0,
49,50,50,50,50,49,50,53,0,
50,50,50,50,49,50,50,53,0,
50,51,50,50,50,50,50,53,0,
49,50,50,50,49,50,50,53,0,
50,50,50,50,49,50,49,53,0,
49,50,50,50,50,49,49,53,0,
50,50,50,50,50,50,49,52,0,
50,50,50,50,50,50,49,52,0,
49,50,50,50,50,50,50,52,0,
50,50,50,50,50,50,49,52,0,
49,50,50,50,50,50,50,53,0,
50,50,50,49,50,49,50,52,0,
50,50,50,50,49,50,50,52,0,
50,49,51,50,50,49,50,52,0,
50,50,50,50,50,50,50,53,0,
50,50,51,50,50,50,50,53,0,
50,50,51,49,50,50,50,52,0,
50,50,50,50,50,50,50,53,0,
50,50,52,50,50,50,50,52,0,
50,49,51,50,49,50,51,52,0,
50,50,50,50,49,50,50,53,0,
50,50,51,50,49,50,51,53,0,
50,50,50,49,49,50,50,53,0,
50,50,50,50,49,51,49,53,0,
50,50,51,49,49,50,50,53,0,
50,50,51,49,49,51,50,53,0,
50,49,50,49,49,50,50,52,0,
50,50,50,50,49,50,50,53,0,
50,50,50,50,49,50,50,53,0,
50,50,50,50,49,49,50,53,0,
49,50,50,50,50,50,50,52,0,
50,51,50,50,49,50,50,53,0,
50,49,51,50,49,49,50,52,0,
51,50,51,49,50,50,50,54,0,
49,50,50,50,49,49,50,53,0,
50,50,50,49,49,50,49,53,0,
50,50,50,50,50,49,50,52,0,
49,50,50,50,49,49,50,52,0,
49,50,50,50,49,49,50,53,0,
49,50,50,50,49,50,50,53,0,
49,50,50,51,50,50,49,52,0,
49,50,50,49,49,50,50,53,0,
49,50,50,50,49,50,49,53,0,
50,50,50,49,50,50,50,52,0,
49,50,50,50,49,50,49,53,0,
50,51,50,50,50,50,49,53,0,
50,50,50,49,49,49,49,53,0,
49,50,49,50,50,49,49,53,0,
49,50,50,50,50,50,50,52,0,
50,50,50,50,50,50,49,53,0,
49,49,51,50,50,50,50,52,0,
50,50,50,50,50,50,49,52,0,
50,49,50,50,50,50,50,53,0,
49,50,51,50,50,50,50,52,0,
50,50,50,50,49,50,49,53,0,
50,50,50,50,50,50,49,52,0,
49,50,50,50,50,50,50,53,0,
50,50,50,49,49,50,50,52,0,
50,49,50,50,50,50,50,52,0,
50,50,50,49,49,49,50,53,0,
50,50,50,49,49,50,49,52,0,
50,50,50,49,49,49,50,52,0,
50,50,50,49,49,50,50,53,0,
49,50,50,49,49,50,50,52,0,
50,50,50,50,49,50,49,52,0,
50,50,50,49,49,51,49,52,0,
50,50,50,50,49,49,49,53,0,
49,50,51,49,49,50,50,53,0,
49,50,50,49,49,50,50,53,0,
49,50,50,51,50,50,50,53,0,
49,50,51,49,50,50,51,53,0,
49,51,50,50,49,51,50,52,0,
49,50,51,50,50,50,50,52,0,
49,50,50,50,50,49,49,53,0,
50,50,50,50,49,50,50,53,0,
50,50,51,51,49,49,50,53,0,
50,50,50,49,49,49,50,53,0,
49,50,50,50,50,49,50,53,0,
49,51,51,50,50,50,50,53,0,
50,50,50,50,49,49,50,53,0,
49,50,50,50,50,49,50,53,0,
50,50,50,50,49,50,50,53,0,
50,50,50,51,50,50,50,53,0,
49,50,50,50,49,50,49,53,0,
51,50,50,50,50,50,50,53,0,
50,50,50,50,50,50,50,53,0,
50,50,50,50,49,50,50,53,0,
50,50,50,50,51,51,50,53,0,
50,50,50,50,49,50,49,52,0,
50,50,50,50,49,50,49,53,0,
49,50,50,50,49,49,50,53,0,
50,50,51,50,49,50,50,52,0,
50,50,50,50,50,50,50,53,0,
50,50,50,50,50,49,51,52,0,
50,50,50,50,50,50,50,52,0,
49,50,50,50,50,50,50,52,0,
50,49,51,49,49,50,50,53,0,
49,50,50,49,49,50,50,52,0,
49,50,50,50,50,50,50,52,0,
50,50,50,50,49,50,50,52,0,
50,50,50,50,49,50,50,53,0,
49,50,50,49,49,50,50,53,0,
50,50,50,50,49,50,49,52,0,
49,50,51,49,50,50,49,53,0,
50,50,51,50,50,50,50,53,0,
50,50,50,50,49,50,50,53,0,
49,50,50,49,50,50,50,53,0,
50,50,50,50,49,50,50,52,0,
50,50,50,49,50,50,50,53,0,
49,50,50,49,50,49,50,53,0,
49,50,51,51,49,49,50,53,0,
49,50,50,50,49,49,50,52,0,
49,50,50,51,50,50,50,53,0,
50,50,50,50,49,49,49,53,0,
50,50,50,50,49,50,50,53,0,
49,50,50,49,50,49,49,52,0,
50,50,50,50,49,50,50,53,0,
49,50,50,50,49,50,50,52,0,
49,51,51,50,50,50,50,53,0,
49,51,50,50,50,50,49,53,0,
50,50,50,50,50,50,50,53,0,
50,50,51,50,50,50,50,54,0,
50,50,50,50,50,51,49,53,0,
49,50,50,50,50,50,49,53,0,
49,50,49,51,49,50,50,52,0,
50,50,50,50,49,50,50,52,0,
50,50,50,50,49,50,50,52,0,
49,49,50,50,49,49,50,53,0,
49,50,51,50,50,50,49,53,0,
50,50,50,50,49,50,50,54,0,
50,49,50,50,50,50,49,53,0,
49,49,50,50,50,50,50,53,0,
49,50,50,50,50,50,50,52,0,
49,50,50,50,50,50,50,52,0,
50,50,50,50,49,50,50,52,0,
51,50,50,50,49,50,50,52,0,
50,50,52,51,49,49,50,52,0,
50,50,51,50,49,49,50,53,0,
50,50,50,49,50,50,50,53,0,
50,51,51,49,49,50,50,52,0,
50,50,50,49,49,50,50,53,0,
50,50,50,49,49,50,50,53,0,
49,51,51,50,49,49,50,53,0,
50,50,50,50,50,50,50,53,0,
49,50,50,50,49,49,50,52,0,
49,50,50,50,51,49,49,53,0,
49,50,50,52,50,49,50,53,0,
49,50,50,50,49,50,50,53,0,
49,50,50,49,49,50,49,53,0,
50,50,50,50,50,50,50,53,0,
49,50,50,50,50,50,50,52,0,
50,50,52,50,50,50,50,53,0,
49,50,51,50,49,50,50,53,0,
50,51,51,50,50,49,50,53,0,
49,50,50,50,50,49,50,53,0,
49,50,50,50,50,50,50,53,0,
49,50,50,50,50,49,50,53,0,
49,50,50,50,50,49,50,53,0,
50,50,50,50,50,50,49,53,0,
50,50,50,50,49,49,50,53,0,
50,50,50,49,49,50,49,52,0,
50,50,50,50,50,50,50,52,0,
50,50,50,50,50,50,49,53,0,
50,50,50,50,50,50,50,53,0,
50,50,50,50,49,50,49,52,0,
50,49,51,50,50,50,50,52,0,
50,50,50,50,50,50,49,53,0,
50,50,50,50,50,50,49,52,0,
50,50,50,50,50,49,50,52,0,
50,50,50,50,50,50,49,52,0,
49,50,50,50,50,49,50,52,0,
50,50,51,50,50,50,50,55,0,
49,49,50,50,49,50,50,52,0,
49,50,50,50,50,50,50,52,0,
49,51,50,50,50,50,50,53,0,
50,50,51,50,50,50,50,52,0,
50,50,51,50,50,50,50,53,0,
50,50,51,50,49,50,50,52,0,
50,50,51,49,49,50,49,53,0,
50,50,51,50,49,50,49,52,0,
50,50,50,50,49,50,50,53,0,
50,50,51,49,49,50,50,53,0,
50,50,50,49,49,50,50,53,0,
49,50,50,50,49,49,51,53,0,
49,50,50,50,49,50,50,53,0,
49,50,50,49,49,49,50,53,0,
49,50,50,50,50,49,50,53,0,
49,50,51,50,50,49,50,52,0,
50,50,50,50,50,49,50,53,0,
49,50,51,49,50,50,50,53,0,
50,50,50,50,49,49,50,53,0,
49,50,50,50,49,49,50,53,0,
49,50,51,50,49,49,50,53,0,
49,50,50,51,53,49,50,54,0,
50,50,50,49,49,49,50,52,0,
50,50,50,50,49,50,49,52,0,
49,50,50,50,50,49,49,53,0,
50,50,50,50,50,50,50,53,0,
51,50,50,50,50,50,50,53,0,
50,51,50,50,50,50,50,53,0,
51,50,50,50,50,50,49,54,0,
50,50,50,50,50,50,50,52,0,
49,49,50,50,50,50,50,52,0,
50,51,50,50,49,50,49,52,0,
50,51,50,50,50,50,49,53,0,
50,50,50,50,50,49,51,52,0,
49,50,50,50,49,50,49,52,0,
50,49,51,50,50,50,50,53,0,
49,50,50,50,50,50,49,53,0,
49,50,52,50,50,50,50,53,0,
49,50,50,50,49,50,50,52,0,
50,50,50,49,49,50,49,53,0,
49,49,51,50,50,49,50,53,0,
50,50,51,50,50,50,51,52,0,
50,50,50,49,50,50,50,53,0,
49,50,50,49,50,50,50,53,0,
50,50,50,49,49,50,50,53,0,
50,50,50,50,49,51,50,53,0,
50,50,51,50,49,50,50,53,0,
50,51,50,50,49,50,52,53,0,
49,50,51,50,49,51,50,53,0,
49,50,50,49,49,50,50,53,0,
49,50,51,50,49,50,50,53,0,
49,50,50,50,49,49,50,53,0,
50,50,50,50,49,50,49,53,0,
50,50,51,50,50,50,50,53,0,
49,50,51,50,50,50,50,52,0,
49,51,50,50,49,50,50,53,0,
49,51,51,50,49,49,49,53,0,
49,50,51,50,49,50,49,53,0,
49,51,50,50,49,49,50,53,0,
49,50,51,50,50,50,50,53,0,
50,50,50,50,50,50,49,53,0,
51,50,50,50,50,50,50,53,0,
50,50,50,50,49,50,50,53,0,
50,50,51,49,49,50,50,53,0,
50,50,50,50,50,50,50,52,0,
50,51,50,50,49,50,49,53,0,
49,50,51,50,50,50,49,53,0,
50,50,50,50,49,50,49,52,0,
50,50,50,50,49,50,50,53,0,
49,50,50,49,50,50,50,52,0,
50,50,50,50,50,50,49,52,0,
49,50,50,50,50,50,50,53,0,
50,49,50,50,50,50,50,52,0,
50,50,50,50,50,50,50,52,0,
50,50,51,50,50,49,49,53,0,
49,50,51,50,49,50,50,53,0,
49,49,50,50,50,50,50,52,0,
50,51,50,50,50,50,50,52,0,
50,50,50,50,50,50,50,53,0,
50,49,50,49,49,50,50,53,0,
50,50,50,50,49,50,50,52,0,
50,50,50,50,49,50,49,53,0,
50,50,50,50,50,50,50,53,0,
50,50,50,50,49,50,50,53,0,
50,51,50,50,50,51,50,53,0,
50,49,51,49,49,49,50,52,0,
50,50,50,50,49,50,50,53,0,
50,50,50,50,50,50,50,53,0,
49,50,50,49,49,49,50,53,0,
49,50,50,49,49,50,50,52,0,
49,50,50,50,50,49,50,52,0,
49,51,50,50,49,49,50,52,0,
50,50,50,49,49,50,50,53,0,
49,50,50,49,50,50,49,53,0,
49,50,51,50,50,50,50,53,0,
49,50,50,50,50,49,50,53,0,
49,50,51,50,50,49,49,53,0,
50,50,50,50,50,50,50,53,0,
49,50,50,50,49,50,49,52,0,
50,50,50,50,50,50,49,53,0,
49,50,51,51,50,50,49,53,0,
49,50,50,50,50,49,49,53,0,
49,50,50,50,50,50,49,53,0,
49,50,50,50,50,50,49,52,0,
50,50,50,50,50,50,50,53,0,
49,50,50,49,49,50,50,53,0,
50,51,50,50,50,50,50,53,0,
50,50,50,50,50,50,49,53,0,
50,50,50,50,50,50,50,53,0,
50,50,50,50,50,49,49,52,0,
51,50,50,50,50,50,50,53,0,
50,50,50,50,50,49,50,52,0,
50,50,51,50,50,50,49,53,0,
50,50,50,50,49,50,50,53,0,
49,50,50,50,50,50,50,52,0,
49,50,50,50,49,50,50,52,0,
50,50,50,50,50,50,50,52,0,
50,50,50,49,49,50,49,53,0,
49,50,51,50,49,49,50,52,0,
51,50,50,50,50,50,50,52,0,
50,50,50,49,49,51,50,52,0,
50,50,50,50,50,50,50,53,0,
50,50,50,49,49,50,50,52,0,
50,51,50,49,50,51,50,53,0,
50,50,50,50,49,50,51,52,0,
50,50,50,49,49,50,50,53,0,
49,50,50,49,49,50,49,53,0,
50,50,51,50,49,50,50,53,0,
50,50,50,50,50,50,49,53,0,
50,50,50,50,49,50,52,53,0,
50,50,50,50,49,49,50,52,0,
50,50,51,49,49,50,52,53,0,
50,50,51,50,50,49,50,53,0,
49,50,50,50,49,50,50,53,0,
49,50,50,50,50,49,49,52,0,
49,50,50,50,49,50,50,53,0,
50,50,51,50,49,50,49,53,0,
50,50,50,50,49,49,50,53,0,
50,50,50,50,49,50,49,53,0,
50,50,50,50,49,50,50,53,0,
49,50,50,50,50,50,50,53,0,
50,50,51,50,50,50,50,53,0,
50,50,50,50,50,50,50,53,0,
50,50,50,50,49,49,49,52,0,
49,50,50,50,50,50,49,53,0,
50,50,50,50,50,50,50,53,0,
50,50,50,50,49,50,49,52,0,
50,50,50,49,50,50,49,52,0,
50,50,50,50,50,50,50,52,0,
50,50,50,49,50,49,49,52,0,
50,50,50,50,49,50,50,52,0,
50,50,50,50,50,50,49,52,0,
50,50,50,50,50,50,50,52,0,
49,49,51,50,50,50,51,53,0,
49,50,50,49,49,50,50,52,0,
49,49,50,50,50,50,50,53,0,
49,50,51,50,49,50,50,53,0,
49,50,50,49,49,50,50,52,0,
49,50,50,50,49,50,50,53,0,
50,50,51,50,49,51,50,53,0,
50,50,50,50,49,50,50,52,0,
50,50,50,50,49,50,50,52,0,
50,50,50,50,49,50,50,53,0,
49,50,50,50,50,50,50,53,0,
50,50,50,50,49,50,50,53,0,
49,50,51,49,50,50,50,53,0,
49,50,50,50,49,50,50,52,0,
51,50,50,50,50,50,51,53,0,
49,50,51,50,49,50,50,53,0,
49,50,51,50,50,50,50,53,0,
50,50,50,50,49,49,50,53,0,
49,50,51,50,50,50,50,52,0,
49,50,50,49,49,50,50,53,0,
50,51,50,50,50,50,50,52,0,
49,50,50,50,49,50,50,53,0,
49,50,50,50,49,49,49,53,0,
49,50,50,50,50,50,51,53,0,
51,50,50,50,49,50,49,53,0,
50,50,50,49,50,50,50,53,0,
49,50,50,50,50,50,50,52,0,
50,50,51,51,50,49,49,53,0,
50,50,50,50,50,50,50,53,0,
50,50,50,50,51,50,50,53,0,
50,52,50,50,50,50,50,53,0,
50,51,50,50,50,50,50,52,0,
49,50,51,50,49,49,50,52,0,
50,50,50,50,50,50,50,53,0,
49,50,50,50,50,50,49,52,0,
49,50,51,50,50,50,50,53,0,
50,50,50,50,50,50,50,53,0,
50,50,50,50,50,50,50,52,0,
50,50,50,49,50,50,49,52,0,
49,50,51,50,49,50,50,52,0,
50,50,50,50,49,50,49,52,0,
50,50,50,49,49,50,50,53,0,
50,50,50,50,49,50,50,53,0,
50,50,50,49,49,51,49,53,0,
50,50,50,50,49,50,50,53,0,
50,50,50,50,50,50,50,52,0,
50,51,50,50,49,51,50,52,0,
50,50,50,50,50,50,50,53,0,
50,50,51,49,49,49,50,53,0,
50,50,50,50,49,49,49,53,0,
49,50,50,50,49,49,50,53,0,
49,50,50,50,50,50,50,53,0,
49,50,50,50,49,50,50,53,0,
49,50,51,50,50,50,50,52,0,
49,50,50,50,50,49,50,52,0,
49,50,51,50,50,50,51,52,0,
49,50,50,50,49,50,50,52,0,
50,50,50,50,50,49,50,53,0,
49,49,51,50,49,49,50,53,0,
49,50,50,49,49,49,50,53,0,
49,49,50,50,50,50,50,53,0,
50,49,50,50,50,49,50,53,0,
51,50,50,49,50,50,50,53,0,
49,50,50,50,50,50,50,52,0,
49,50,50,50,50,50,49,53,0,
49,50,50,50,50,50,50,52,0,
49,50,50,50,49,50,50,52,0,
50,50,49,50,50,50,49,52,0,
50,51,50,49,50,50,49,52,0,
50,50,50,50,50,50,50,52,0,
50,50,50,50,50,50,49,53,0,
50,50,50,50,50,50,50,52,0,
50,50,50,50,49,49,49,53,0,
50,50,50,50,50,50,50,52,0,
50,49,50,49,49,49,50,52,0,
50,50,50,50,50,50,49,52,0,
50,49,50,51,50,50,49,53,0,
50,50,50,50,49,49,50,52,0,
50,51,51,49,51,50,49,53,0,
50,50,50,50,50,50,50,52,0,
50,49,50,50,49,50,50,52,0,
50,50,50,49,50,50,50,53,0,
50,50,50,50,50,50,50,52,0,
50,50,50,50,49,50,50,52,0,
49,50,51,51,49,50,50,52,0,
49,50,50,50,49,50,50,52,0,
50,51,50,49,49,50,50,53,0,
49,50,50,49,50,50,50,53,0,
49,51,50,50,49,49,50,53,0,
51,50,51,50,49,50,50,53,0,
49,50,50,50,50,49,50,52,0,
50,50,51,50,49,50,50,53,0,
50,53,50,50,50,49,50,53,0,
50,50,50,50,49,50,50,53,0,
49,50,50,50,50,49,49,53,0,
49,52,51,50,50,50,49,53,0,
49,50,50,50,49,50,50,53,0,
49,50,50,50,49,49,50,53,0,
49,50,50,50,49,50,49,52,0,
50,50,51,51,49,49,49,53,0,
49,50,51,49,49,49,50,53,0,
50,50,50,50,50,50,49,53,0,
50,50,50,50,50,50,50,53,0,
49,50,50,50,50,50,49,53,0,
50,50,50,50,49,50,50,53,0,
50,50,50,50,50,50,49,52,0,
50,50,50,49,50,50,50,52,0,
49,50,50,50,50,50,50,52,0,
50,50,50,50,50,49,50,52,0,
50,50,50,50,50,50,49,53,0,
50,49,50,50,50,50,50,53,0,
50,50,50,50,50,50,50,52,0,
50,50,50,50,50,50,50,52,0,
49,50,50,50,50,50,49,52,0,
50,50,50,49,50,50,50,54,0,
50,50,50,50,49,50,50,52,0,
50,50,51,50,50,50,50,52,0,
50,51,50,49,49,50,49,53,0,
51,50,51,50,50,50,50,53,0,
50,51,50,50,50,50,50,52,0,
50,51,50,49,50,51,50,53,0,
50,50,51,50,49,50,51,53,0,
50,50,51,50,49,50,50,52,0,
50,51,51,50,49,50,50,53,0,
49,50,50,52,49,49,49,52,0,
50,51,50,49,49,49,50,53,0,
49,49,50,50,50,50,50,53,0,
50,50,50,50,49,50,50,53,0,
49,51,51,50,49,50,50,52,0,
49,50,50,50,50,49,50,53,0,
49,51,50,50,49,50,50,52,0,
49,50,50,50,50,49,50,52,0,
49,50,50,50,49,50,50,53,0,
49,50,51,50,50,50,51,52,0,
51,50,51,50,49,50,50,53,0,
49,50,50,50,50,49,50,53,0,
49,50,49,50,50,50,50,53,0,
49,50,50,50,50,50,49,53,0,
50,50,50,49,49,50,50,53,0,
51,51,51,50,50,50,49,53,0,
50,50,50,50,50,50,49,53,0,
50,50,50,50,49,50,50,53,0,
49,50,50,50,50,49,50,52,0,
50,50,50,50,50,50,50,53,0,
50,50,49,49,49,49,50,53,0,
49,50,50,50,50,50,50,52,0,
49,50,51,50,49,49,50,53,0,
50,50,51,50,50,50,50,52,0,
50,50,50,50,50,50,50,52,0,
50,50,50,50,49,49,49,52,0,
50,51,50,50,50,50,49,52,0,
50,50,50,51,49,50,50,52,0,
49,50,50,50,50,50,50,52,0,
50,50,50,50,50,50,50,52,0,
49,50,50,50,49,50,50,53,0,
50,50,50,50,49,50,50,53,0,
50,50,51,50,50,50,50,52,0,
50,50,50,50,50,50,50,52,0,
50,49,50,50,49,50,50,52,0,
50,50,50,49,49,50,50,53,0,
49,51,50,49,49,50,50,53,0,
49,50,50,50,51,50,51,53,0,
50,50,51,50,50,49,50,53,0,
50,50,50,49,49,49,50,52,0,
50,50,50,49,49,50,50,52,0,
50,51,51,49,49,50,50,53,0,
50,50,50,50,49,49,50,53,0,
49,50,51,50,50,50,51,53,0,
49,50,50,50,49,50,50,53,0,
49,50,50,50,50,49,50,53,0,
50,50,50,50,50,49,50,53,0,
49,50,51,50,50,49,50,53,0,
49,50,50,50,50,50,50,52,0,
50,50,50,50,50,49,49,53,0,
49,50,50,50,50,49,50,53,0,
50,50,50,50,50,50,49,52,0,
49,50,50,50,50,50,49,53,0,
49,51,51,50,50,49,50,52,0,
50,50,50,50,50,50,50,53,0,
50,50,50,50,50,49,51,53,0,
50,50,50,50,50,50,49,52,0,
50,50,50,50,49,49,50,52,0,
49,49,50,51,50,49,52,53,0,
50,49,50,50,50,50,50,52,0,
50,50,50,50,49,49,49,52,0,
49,49,50,51,49,50,50,53,0,
49,50,49,50,50,50,49,52,0,
49,49,50,50,51,50,50,52,0,
50,50,50,50,49,50,49,52,0,
49,50,50,50,50,50,50,52,0,
50,50,50,50,50,50,51,52,0,
50,50,50,50,50,49,50,53,0,
50,50,50,50,50,49,50,52,0,
50,50,50,49,50,50,50,52,0,
51,51,50,49,49,50,49,53,0,
50,50,50,50,49,50,50,52,0,
50,50,50,50,49,50,50,52,0,
50,50,50,50,49,49,50,53,0,
49,50,50,50,49,50,51,52,0,
50,50,50,50,49,49,50,53,0,
50,50,51,50,50,50,50,52,0,
49,50,50,50,49,50,49,53,0,
50,50,51,50,50,50,49,53,0,
49,50,51,50,50,50,49,53,0,
49,50,51,50,49,51,50,53,0,
49,50,50,50,51,50,51,53,0,
49,51,51,50,49,49,50,52,0,
49,51,50,50,50,49,50,53,0,
49,50,50,50,49,49,50,52,0,
50,50,50,50,49,49,50,53,0,
49,50,50,50,49,51,50,53,0,
49,50,50,50,50,49,49,52,0,
49,50,50,49,50,50,50,54,0,
49,50,50,50,50,50,50,53,0,
49,50,50,50,49,50,49,52,0,
50,51,50,50,49,50,50,53,0,
49,50,50,50,50,49,49,53,0,
50,50,50,50,49,50,50,53,0,
50,50,50,50,50,50,49,53,0,
49,50,50,49,50,50,50,52,0,
50,50,50,50,50,50,49,52,0,
50,50,51,50,50,50,50,52,0,
52,50,50,50,50,50,50,52,0,
50,50,50,50,50,49,50,52,0,
50,49,51,50,49,50,50,52,0,
50,49,50,50,50,50,50,52,0,
50,49,50,50,50,49,49,52,0,
50,50,50,50,49,50,49,52,0,
50,50,52,50,50,50,50,52,0,
49,50,50,50,50,50,50,52,0,
50,50,50,49,49,50,50,53,0,
50,50,50,50,49,50,50,53,0,
50,49,50,49,49,50,50,52,0,
50,50,50,50,49,50,50,53,0,
50,50,50,50,50,50,50,53,0,
49,50,50,49,49,50,50,53,0,
50,50,50,49,49,50,50,52,0,
50,50,50,52,50,50,50,53,0,
50,50,50,50,50,50,50,53,0,
49,50,50,50,50,50,50,52,0,
50,50,50,50,50,49,50,52,0,
50,50,51,49,49,50,50,53,0,
49,50,51,50,49,50,50,53,0,
49,50,50,49,49,50,50,53,0,
49,50,51,50,50,50,50,52,0,
49,50,51,50,50,49,50,53,0,
50,50,50,50,49,50,50,52,0,
50,50,50,50,49,50,50,53,0,
49,50,50,50,50,49,50,53,0,
51,50,50,50,49,50,49,53,0,
50,50,50,50,49,50,49,53,0,
50,50,50,50,50,50,51,53,0,
49,50,51,50,50,50,50,53,0,
49,50,50,50,50,50,50,53,0,
49,50,50,50,50,50,49,53,0,
50,50,50,50,50,51,50,53,0,
49,50,50,50,49,50,50,53,0,
50,50,50,50,49,51,49,53,0,
50,49,50,50,50,50,50,52,0,
50,49,50,50,50,50,49,53,0,
49,50,50,50,49,50,50,53,0,
49,49,50,49,50,51,50,53,0,
50,50,50,50,50,50,49,53,0,
49,49,50,50,50,50,49,52,0,
50,49,50,50,50,50,50,52,0,
50,50,50,50,50,49,50,52,0,
50,50,51,50,49,49,50,52,0,
50,51,50,49,50,50,50,52,0,
50,50,50,50,50,50,50,52,0,
50,50,50,49,49,50,51,53,0,
50,50,50,49,49,50,50,53,0,
50,50,51,50,50,50,50,52,0,
52,50,50,50,49,50,50,53,0,
49,50,50,50,49,50,50,53,0,
49,50,52,50,50,50,50,52,0,
50,50,50,49,49,49,49,53,0,
49,50,51,50,49,50,49,53,0,
50,50,51,50,50,50,50,53,0,
49,50,50,49,49,50,49,52,0,
49,50,51,50,50,49,51,53,0,
49,50,50,51,49,50,50,52,0,
50,50,50,50,50,50,50,53,0,
50,50,51,50,50,49,50,53,0,
49,50,50,50,51,50,50,52,0,
49,50,51,50,50,50,49,53,0,
50,50,50,50,50,50,50,53,0,
50,50,50,50,50,50,49,53,0,
49,50,50,50,50,49,50,52,0,
50,51,50,50,49,51,49,53,0,
50,50,50,50,49,49,50,53,0,
50,50,50,50,50,50,50,53,0,
50,50,50,50,49,50,49,53,0,
50,50,50,50,50,49,49,52,0,
51,51,50,50,50,50,50,52,0,
50,50,50,50,51,50,50,53,0,
50,50,50,50,50,50,49,52,0,
49,50,50,50,50,50,52,52,0,
50,50,50,50,50,49,50,52,0,
50,50,50,50,50,50,50,52,0,
50,50,50,50,50,49,50,53,0,
50,50,50,50,50,49,50,52,0,
49,50,51,50,50,49,50,52,0,
49,50,50,50,50,50,50,53,0,
49,49,51,49,49,50,50,52,0,
50,50,50,50,49,50,50,52,0,
50,51,50,49,50,50,50,53,0,
50,50,50,50,49,50,50,52,0,
51,50,50,50,49,50,50,53,0,
50,50,51,50,50,49,49,52,0,
50,50,51,50,49,50,50,53,0,
50,50,51,50,49,49,50,53,0,
50,50,50,49,49,49,50,53,0,
50,50,50,50,50,50,49,53,0,
49,50,50,50,49,50,50,53,0,
50,50,50,49,49,50,50,53,0,
49,50,50,50,50,50,50,53,0,
49,50,50,50,49,49,50,52,0,
50,50,50,50,49,50,50,53,0,
49,50,51,50,50,49,50,52,0,
50,50,51,49,50,49,50,53,0,
49,50,49,50,49,50,50,53,0,
49,50,50,50,50,50,50,52,0,
50,50,50,50,49,50,50,53,0,
49,50,50,50,50,50,49,53,0,
50,50,50,49,50,50,50,52,0,
50,50,50,50,49,50,49,53,0,
49,50,51,50,50,49,49,53,0,
49,50,50,49,50,50,49,53,0,
50,50,50,50,50,50,49,53,0,
49,50,50,50,49,50,50,53,0,
