0,0,0,0,0,0,0,
1,0,0,0,0,0,0,
2,1,0.3,0.3,0,0,0,
3,2,0.3,0.3,0,0,0,
4,3,0.3,0.3,0.00294681,0,0,
5,4,0.3,0.3,0.00589363,0,0,
6,5,0.3,0.3,0.00884044,0,0,
7,6,0.3,0.3,0.0118925,0,0,
8,7,0.3,0.3,0.0148393,0,0,
9,8,0.3,0.3,0.0177861,0,0,
10,9,0.3,0.3,0.0208382,0,0,
11,10,0.3,0.3,0.023785,0,0,
12,11,0.3,0.3,0.0267318,0,0,
13,12,0.3,0.3,0.0297839,0,0,
14,13,0.3,0.3,0.0327307,0,0,
15,14,0.3,0.3,0.0356775,0,0,
16,15,0.3,0.3,0.0386243,0,0,
17,16,0.3,0.3,0.0416764,0,0,
18,17,0.3,0.3,0.0446232,0,0,
19,18,0.3,0.3,0.04757,0,0,
20,19,0.3,0.3,0.0506221,0,0,
21,20,0.3,0.3,0.0535689,0,0,
22,21,0.3,0.3,0.0565157,0,0,
23,22,0.3,0.3,0.0595677,0,0,
24,23,0.3,0.3,0.0625146,0,0,
25,24,0.3,0.3,0.0654614,0,0,
26,25,0.3,0.3,0.0685134,0,0,
27,26,0.3,0.3,0.0714602,0,0,
28,27,0.3,0.3,0.0744071,0,0,
29,28,0.3,0.3,0.0773539,0,0,
30,29,0.3,0.3,0.0804059,0,0,
31,30,0.3,0.3,0.0833527,0,0,
32,31,0.3,0.3,0.0862996,0,0,
33,32,0.3,0.3,0.0893516,0,0,
34,33,0.3,0.3,0.0922984,0,0,
35,34,0.3,0.3,0.0952452,0,0,
36,35,0.3,0.3,0.0982973,0,0,
37,36,0.3,0.3,0.101244,0,0,
38,37,0.3,0.3,0.104191,0,0,
39,38,0.3,0.3,0.107243,0,0,
40,39,0.3,0.3,0.11019,0,0,
41,40,0.3,0.3,0.113137,0,0,
42,41,0.3,0.3,0.116083,0,0,
43,42,0.3,0.3,0.119135,0,0,
44,43,0.3,0.3,0.122082,0,0,
45,44,0.3,0.3,0.125029,0,0,
46,45,0.3,0.3,0.128081,0,0,
47,46,0.3,0.3,0.131028,0,0,
48,47,0.3,0.3,0.133975,0,0,
49,48,0.3,0.3,0.137027,0,0,
50,49,0.3,0.3,0.139974,0,0,
51,50,0.3,0.3,0.14292,0,0,
52,51,0.3,0.3,0.145973,0,0,
53,52,0.3,0.3,0.148919,0,0,
54,53,0.3,0.3,0.151866,0,0,
55,54,0.3,0.3,0.154813,0,0,
56,55,0.3,0.3,0.157865,0,0,
57,56,0.3,0.3,0.160812,0,0,
58,57,0.3,0.3,0.163759,0,0,
59,58,0.3,0.3,0.166811,0,0,
60,59,0.3,0.3,0.169758,0,0,
61,60,0.3,0.3,0.172704,0,0,
62,61,0.3,0.3,0.175756,0,0,
63,62,0.3,0.3,0.178703,0,0,
64,63,0.3,0.3,0.18165,0,0,
65,64,0.3,0.3,0.184702,0,0,
66,65,0.3,0.3,0.187649,0,0,
67,66,0.3,0.3,0.190596,0,0,
68,67,0.3,0.3,0.193543,0,0,
69,68,0.3,0.3,0.196595,0,0,
70,69,0.3,0.3,0.199541,0,0,
71,70,0.3,0.3,0.202488,0,0,
72,71,0.3,0.3,0.20554,0,0,
73,72,0.3,0.3,0.208487,0,0,
74,73,0.3,0.3,0.211434,0,0,
75,74,0.3,0.3,0.214486,0,0,
76,75,0.3,0.3,0.217433,0,0,
77,76,0.3,0.3,0.22038,0,0,
78,77,0.3,0.3,0.223326,0,0,
79,78,0.3,0.3,0.226378,0,0,
80,79,0.3,0.3,0.229325,0,0,
81,80,0.3,0.3,0.232272,0,0,
82,81,0.3,0.3,0.235324,0,0,
83,82,0.3,0.3,0.238271,0,0,
84,83,0.3,0.3,0.241218,0,0,
85,84,0.3,0.3,0.24427,0,0,
86,85,0.3,0.3,0.247217,0,0,
87,86,0.3,0.3,0.250163,0,0,
88,87,0.3,0.3,0.253216,0,0,
89,88,0.3,0.3,0.256162,0,0,
90,89,0.3,0.3,0.259109,0,0,
91,90,0.3,0.3,0.262056,0,0,
92,91,0.3,0.3,0.265108,0,0,
93,92,0.3,0.3,0.268055,0,0,
94,93,0.3,0.3,0.271002,0,0,
95,94,0.3,0.3,0.274054,0,0,
96,95,0.3,0.3,0.277001,0,0,
97,96,0.3,0.3,0.279947,0,0,
98,97,0.3,0.3,0.282999,0,0,
99,98,0.3,0.3,0.285946,0,0,
100,99,0.3,0.3,0.288893,0,0,
101,100,0.3,0.3,0.291945,0,0,
102,101,0.3,0.3,0.294892,0,0,
103,102,0.3,0.3,0.297839,0,0,
104,103,0.3,0.3,0.300786,0,0,
105,104,0.3,0.3,0.303838,0,0,
106,105,0.3,0.3,0.306784,0,0,
107,106,0.3,0.3,0.309731,0,0,
108,107,0.3,0.3,0.312783,0,0,
109,108,0.3,0.3,0.31573,0,0,
110,109,0.3,0.3,0.318677,0,0,
111,110,0.3,0.3,0.321729,0,0,
112,111,0.3,0.3,0.324676,0,0,
113,112,0.3,0.3,0.327623,0,0,
114,113,0.3,0.3,0.330675,0,0,
115,114,0.3,0.3,0.333621,0,0,
116,115,0.3,0.3,0.336568,0,0,
117,116,0.3,0.3,0.339515,0,0,
118,117,0.3,0.3,0.342567,0,0,
119,118,0.3,0.3,0.345514,0,0,
120,119,0.3,0.3,0.348461,0,0,
121,120,0.3,0.3,0.351513,0,0,
122,121,0.3,0.3,0.35446,0,0,
123,122,0.3,0.3,0.357406,0,0,
124,123,0.3,0.3,0.360458,0,0,
125,124,0.3,0.3,0.363405,0,0,
126,125,0.3,0.3,0.366352,0,0,
127,126,0.3,0.3,0.369404,0,0,
128,127,0.3,0.3,0.372351,0,0,
129,128,0.3,0.3,0.375298,0,0,
130,129,0.3,0.3,0.378245,0,0,
131,130,0.3,0.3,0.381297,0,0,
132,131,0.3,0.3,0.384243,0,0,
133,132,0.3,0.3,0.38719,0,0,
134,133,0.3,0.3,0.390242,0,0,
135,134,0.3,0.3,0.393189,0,0,
136,135,0.3,0.3,0.396136,0,0,
137,136,0.3,0.3,0.399188,0,0,
138,137,0.3,0.3,0.402135,0,0,
139,138,0.3,0.3,0.405082,0,0,
140,139,0.3,0.3,0.408028,0,0,
141,140,0.3,0.3,0.411081,0,0,
142,141,0.3,0.3,0.414027,0,0,
143,142,0.3,0.3,0.416974,0,0,
144,143,0.3,0.3,0.420026,0,0,
145,144,0.3,0.3,0.422973,0,0,
146,145,0.3,0.3,0.42592,0,0,
147,146,0.3,0.3,0.428972,0,0,
148,147,0.3,0.3,0.431919,0,0,
149,148,0.3,0.3,0.434866,0,0,
150,149,0.3,0.3,0.437918,0,0,
151,150,0.3,0.3,0.440864,0,0,
152,151,0.3,0.3,0.443811,0,0,
153,152,0.3,0.3,0.446758,0,0,
154,153,0.3,0.3,0.44981,0,0,
155,154,0.3,0.3,0.452757,0,0,
156,155,0.3,0.3,0.455704,0,0,
157,156,0.3,0.3,0.458756,0,0,
158,157,0.3,0.3,0.461703,0,0,
159,158,0.3,0.3,0.464649,0,0,
160,159,0.3,0.3,0.467701,0,0,
161,160,0.3,0.3,0.470648,0,0,
162,161,0.3,0.3,0.473595,0,0,
163,162,0.3,0.3,0.476647,0,0,
164,163,0.3,0.3,0.479594,0,0,
165,164,0.3,0.3,0.482541,0,0,
166,165,0.3,0.3,0.485488,0,0,
167,166,0.3,0.3,0.48854,0,0,
168,167,0.3,0.3,0.491486,0,0,
169,168,0.3,0.3,0.494433,0,0,
170,169,0.3,0.3,0.497485,0,0,
171,170,0.3,0.3,0.500432,0,0,
172,171,0.3,0.3,0.503379,0,0,
173,172,0.3,0.3,0.506431,0,0,
174,173,0.3,0.3,0.509378,0,0,
175,174,0.3,0.3,0.512325,0,0,
176,175,0.3,0.3,0.515377,0,0,
177,176,0.3,0.3,0.518324,0,0,
178,177,0.3,0.3,0.52127,0,0,
179,178,0.3,0.3,0.524217,0,0,
180,179,0.3,0.3,0.527269,0,0,
181,180,0.3,0.3,0.530216,0,0,
182,181,0.3,0.3,0.533163,0,0,
183,182,0.3,0.3,0.536215,0,0,
184,183,0.3,0.3,0.539162,0,0,
185,184,0.3,0.3,0.542109,0,0,
186,185,0.3,0.3,0.545161,0,0,
187,186,0.3,0.3,0.548107,0,0,
188,187,0.3,0.3,0.551054,0,0,
189,188,0.3,0.3,0.554106,0,0,
190,189,0.3,0.3,0.557053,0,0,
191,190,0.3,0.3,0.56,0,0,
192,191,0.3,0.3,0.562947,0,0,
193,192,0.3,0.3,0.565999,0,0,
194,193,0.3,0.3,0.568946,0,0,
195,194,0.3,0.3,0.571892,0,0,
196,195,0.3,0.3,0.574944,0,0,
197,196,0.3,0.3,0.577891,0,0,
198,197,0.3,0.3,0.580838,0,0,
199,198,0.3,0.3,0.58389,0,0,
200,199,0.3,0.3,0.586837,0,0,
201,200,0.3,0.3,0.589784,0,0,
202,201,0.3,0.3,0.592731,0,0,
203,202,0.3,0.3,0.595783,0,0,
204,203,0.3,0.3,0.598729,0,0,
205,204,0.3,0.3,0.601676,0,0,
206,205,0.3,0.3,0.604728,0,0,
207,206,0.3,0.3,0.607675,0,0,
208,207,0.3,0.3,0.610622,0,0,
209,208,0.3,0.3,0.613674,0,0,
210,209,0.3,0.3,0.616621,0,0,
211,210,0.3,0.3,0.619568,0,0,
212,211,0.3,0.3,0.62262,0,0,
213,212,0.3,0.3,0.625566,0,0,
214,213,0.3,0.3,0.628513,0,0,
215,214,0.3,0.3,0.63146,0,0,
216,215,0.3,0.3,0.634512,0,0,
217,216,0.3,0.3,0.637459,0,0,
218,217,0.3,0.3,0.640406,0,0,
219,218,0.3,0.3,0.643458,0,0,
220,219,0.3,0.3,0.646405,0,0,
221,220,0.3,0.3,0.649351,0,0,
222,221,0.3,0.3,0.652404,0,0,
223,222,0.3,0.3,0.65535,0,0,
224,223,0.3,0.3,0.658297,0,0,
225,224,0.3,0.3,0.661349,0,0,
226,225,0.3,0.3,0.664296,0,0,
227,226,0.3,0.3,0.667243,0,0,
228,227,0.3,0.3,0.67019,0,0,
229,228,0.3,0.3,0.673242,0,0,
230,229,0.3,0.3,0.676189,0,0,
231,230,0.3,0.3,0.679135,0,0,
232,231,0.3,0.3,0.682187,0,0,
233,232,0.3,0.3,0.685134,0,0,
234,233,0.3,0.3,0.688081,0,0,
235,234,0.3,0.3,0.691133,0,0,
236,235,0.3,0.3,0.69408,0,0,
237,236,0.3,0.3,0.697027,0,0,
238,237,0.3,0.3,0.700079,0,0,
239,238,0.3,0.3,0.703026,0,0,
240,239,0.3,0.3,0.705972,0,0,
241,240,0.3,0.3,0.708919,0,0,
242,241,0.3,0.3,0.711971,0,0,
243,242,0.3,0.3,0.714918,0,0,
244,243,0.3,0.3,0.717865,0,0,
245,244,0.3,0.3,0.720917,0,0,
246,245,0.3,0.3,0.723864,0,0,
247,246,0.3,0.3,0.726811,0,0,
248,247,0.3,0.3,0.729863,0,0,
249,248,0.3,0.3,0.732809,0,0,
250,249,0.3,0.3,0.735756,0,0,
251,250,0.3,0.3,0.738808,0,0,
252,251,0.3,0.3,0.741755,0,0,
253,252,0.3,0.3,0.744702,0,0,
254,253,0.3,0.3,0.747649,0,0,
255,254,0.3,0.3,0.750701,0,0,
256,255,0.3,0.3,0.753648,0,0,
257,256,0.3,0.3,0.756594,0,0,
258,257,0.3,0.3,0.759647,0,0,
259,258,0.3,0.3,0.762593,0,0,
260,259,0.3,0.3,0.76554,0,0,
261,260,0.3,0.3,0.768592,0,0,
262,261,0.3,0.3,0.771539,0,0,
263,262,0.3,0.3,0.774486,0,0,
264,263,0.3,0.3,0.777433,0,0,
265,264,0.3,0.3,0.780485,0,0,
266,265,0.3,0.3,0.783432,0,0,
267,266,0.3,0.3,0.786378,0,0,
268,267,0.3,0.3,0.78943,0,0,
269,268,0.3,0.3,0.792377,0,0,
270,269,0.3,0.3,0.795324,0,0,
271,270,0.3,0.3,0.798376,0,0,
272,271,0.3,0.3,0.801323,0,0,
273,272,0.3,0.3,0.80427,0,0,
274,273,0.3,0.3,0.807322,0,0,
275,274,0.3,0.3,0.810269,0,0,
276,275,0.3,0.3,0.813215,0,0,
277,276,0.3,0.3,0.816162,0,0,
278,277,0.3,0.3,0.819214,0,0,
279,278,0.3,0.3,0.822161,0,0,
280,279,0.3,0.3,0.825108,0,0,
281,280,0.3,0.3,0.82816,0,0,
282,281,0.3,0.3,0.831107,0,0,
283,282,0.3,0.3,0.834054,0,0,
284,283,0.3,0.3,0.837106,0,0,
285,284,0.3,0.3,0.840052,0,0,
286,285,0.3,0.3,0.842999,0,0,
287,286,0.3,0.3,0.846051,0,0,
288,287,0.3,0.3,0.848998,0,0,
289,288,0.3,0.3,0.851945,0,0,
290,289,0.3,0.3,0.854892,0,0,
291,290,0.3,0.3,0.857944,0,0,
292,291,0.3,0.3,0.860891,0,0,
293,292,0.3,0.3,0.863837,0,0,
294,293,0.3,0.3,0.86689,0,0,
295,294,0.3,0.3,0.869836,0,0,
296,295,0.3,0.3,0.872783,0,0,
297,296,0.3,0.3,0.875835,0,0,
298,297,0.3,0.3,0.878782,0,0,
299,298,0.3,0.3,0.881729,0,0,
300,299,0.3,0.3,0.884781,0,0,
301,300,0.3,0.3,0.887728,0,0,
302,301,0.3,0.3,0.890675,0,0,
303,302,0.3,0.3,0.893621,0,0,
304,303,0.3,0.3,0.896673,0,0,
305,304,0.3,0.3,0.89962,0,0,
306,305,0.3,0.3,0.902567,0,0,
307,306,0.3,0.3,0.905619,0,0,
308,307,0.3,0.3,0.908566,0,0,
309,308,0.3,0.3,0.911513,0,0,
310,309,0.3,0.3,0.914565,0,0,
311,310,0.3,0.3,0.917512,0,0,
312,311,0.3,0.3,0.920458,0,0,
313,312,0.3,0.3,0.92351,0,0,
314,313,0.3,0.3,0.926457,0,0,
315,314,0.3,0.3,0.929404,0,0,
316,315,0.3,0.3,0.932351,0,0,
317,316,0.3,0.3,0.935403,0,0,
318,317,0.3,0.3,0.93835,0,0,
319,318,0.3,0.3,0.941297,0,0,
320,319,0.3,0.3,0.944349,0,0,
321,320,0.3,0.3,0.947295,0,0,
322,321,0.3,0.3,0.950242,0,0,
323,322,0.3,0.3,0.953294,0,0,
324,323,0.3,0.3,0.956241,0,0,
325,324,0.3,0.3,0.959188,0,0,
326,325,0.3,0.3,0.962135,0,0,
327,326,0.3,0.3,0.965187,0,0,
328,327,0.3,0.3,0.968134,0,0,
329,328,0.3,0.3,0.97108,0,0,
330,329,0.3,0.3,0.974132,0,0,
331,330,0.3,0.3,0.977079,0,0,
332,331,0.3,0.3,0.980026,0,0,
333,332,0.3,0.3,0.983078,0,0,
334,333,0.3,0.3,0.986025,0,0,
335,334,0.3,0.3,0.988972,0,0,
336,335,0.3,0.3,0.992024,0,0,
337,336,0.3,0.3,0.994971,0,0,
338,337,0.3,0.3,0.997917,0,0,
339,338,0.3,0.3,1.00086,0,0,
340,339,0,0,1.00392,0,0,
341,0,0,0,1.00686,0,0,
342,1,0.3,-0.3,1.00686,0,0,
343,2,0.3,-0.3,1.00686,0,0,
344,3,0.3,-0.3,1.00692,-1.17142e-06,-0.022263,
345,4,0.3,-0.3,1.00692,-1.17142e-06,-0.0457404,
346,5,0.3,-0.3,1.00692,-1.17142e-06,-0.0684082,
347,6,0.3,-0.3,1.00692,-1.17142e-06,-0.091076,
348,7,0.3,-0.3,1.00697,-7.16507e-06,-0.114149,
349,8,0.3,-0.3,1.00692,3.30938e-08,-0.137221,
350,9,0.3,-0.3,1.00692,3.30938e-08,-0.159889,
351,10,0.3,-0.3,1.00697,-9.54102e-06,-0.182962,
352,11,0.3,-0.3,1.00692,1.22429e-06,-0.206034,
353,12,0.3,-0.3,1.00692,1.22429e-06,-0.228702,
354,13,0.3,-0.3,1.00692,1.22429e-06,-0.25137,
355,14,0.3,-0.3,1.00692,1.22429e-06,-0.274847,
356,15,0.3,-0.3,1.00692,1.22429e-06,-0.297515,
357,16,0.3,-0.3,1.00692,1.22429e-06,-0.320183,
358,17,0.3,-0.3,1.00692,1.22429e-06,-0.34366,
359,18,0.3,-0.3,1.00692,1.22429e-06,-0.366328,
360,19,0.3,-0.3,1.00692,1.22429e-06,-0.388996,
361,20,0.3,-0.3,1.00696,-1.9851e-05,-0.412068,
362,21,0.3,-0.3,1.00692,2.33107e-06,-0.435141,
363,22,0.3,-0.3,1.00692,2.33107e-06,-0.457809,
364,23,0.3,-0.3,1.00696,-2.20096e-05,-0.480881,
365,24,0.3,-0.3,1.00692,3.40092e-06,-0.503954,
366,25,0.3,-0.3,1.00692,3.40092e-06,-0.526622,
367,26,0.3,-0.3,1.00692,3.40092e-06,-0.549289,
368,27,0.3,-0.3,1.00692,3.40092e-06,-0.572767,
369,28,0.3,-0.3,1.00692,3.40092e-06,-0.595435,
370,29,0.3,-0.3,1.00692,3.40092e-06,-0.618102,
371,30,0.3,-0.3,1.00696,-2.80741e-05,-0.641175,
372,31,0.3,-0.3,1.00692,4.36544e-06,-0.664247,
373,32,0.3,-0.3,1.00692,4.36544e-06,-0.686915,
374,33,0.3,-0.3,1.00696,-2.99347e-05,-0.709988,
375,34,0.3,-0.3,1.00692,5.27698e-06,-0.73306,
376,35,0.3,-0.3,1.00692,5.27698e-06,-0.755728,
377,36,0.3,-0.3,1.00696,-3.16859e-05,-0.778801,
378,37,0.3,-0.3,1.00692,6.13123e-06,-0.801873,
379,38,0.3,-0.3,1.00692,6.13123e-06,-0.824541,
380,39,0.3,-0.3,1.00692,6.13123e-06,-0.847209,
381,40,0.3,-0.3,1.00692,6.13123e-06,-0.870686,
382,41,0.3,-0.3,1.00692,6.13123e-06,-0.893354,
383,42,0.3,-0.3,1.00692,6.13123e-06,-0.916022,
384,43,0.3,-0.3,1.00695,-3.63357e-05,-0.939095,
385,44,0.3,-0.3,1.00692,6.83682e-06,-0.962167,
386,45,0.3,-0.3,1.00692,6.83682e-06,-0.984835,
387,46,0.3,-0.3,1.00695,-3.76662e-05,-1.00791,
388,47,0.3,-0.3,1.00692,7.47281e-06,-1.03098,
389,48,0.3,-0.3,1.00692,7.47281e-06,-1.05365,
390,49,0.3,-0.3,1.00692,7.47281e-06,-1.07632,
391,50,0.3,-0.3,1.00692,7.47281e-06,-1.09979,
392,51,0.3,-0.3,1.00692,7.47281e-06,-1.12246,
393,52,0.3,-0.3,1.00692,7.47281e-06,-1.14513,
394,53,0.3,-0.3,1.00692,7.47281e-06,-1.16861,
395,54,0.3,-0.3,1.00692,7.47281e-06,-1.19127,
396,55,0.3,-0.3,1.00692,7.47281e-06,-1.21394,
397,56,0.3,-0.3,1.00694,-4.22447e-05,-1.23701,
398,57,0.3,-0.3,1.00692,7.85731e-06,-1.26009,
399,58,0.3,-0.3,1.00692,7.85731e-06,-1.28275,
400,59,0.3,-0.3,1.00694,-4.29279e-05,-1.30583,
401,60,0.3,-0.3,1.00692,8.16172e-06,-1.3289,
402,61,0.3,-0.3,1.00692,8.16172e-06,-1.35157,
403,62,0.3,-0.3,1.00692,8.16172e-06,-1.37424,
404,63,0.3,-0.3,1.00692,8.16172e-06,-1.39771,
405,64,0.3,-0.3,1.00692,8.16172e-06,-1.42038,
406,65,0.3,-0.3,1.00692,8.16172e-06,-1.44305,
407,66,0.3,-0.3,1.00692,8.16172e-06,-1.46653,
408,67,0.3,-0.3,1.00692,8.16172e-06,-1.48919,
409,68,0.3,-0.3,1.00692,8.16172e-06,-1.51186,
410,69,0.3,-0.3,1.00693,-4.44261e-05,-1.53493,
411,70,0.3,-0.3,1.00693,8.19125e-06,-1.55801,
412,71,0.3,-0.3,1.00693,8.19125e-06,-1.58067,
413,72,0,0,1.00692,-4.44019e-05,-1.60375,
414,0,0,0,1.00693,8.13725e-06,-1.62682,
415,1,0.3,0.3,1.00693,8.13725e-06,-1.62682,
416,2,0.3,0.3,1.00693,8.13725e-06,-1.62682,
417,3,0.3,0.3,1.00676,-0.00293405,-1.62682,
418,4,0.3,0.3,1.0066,-0.00587624,-1.62682,
419,5,0.3,0.3,1.00643,-0.00887091,-1.62722,
420,6,0.3,0.3,1.00626,-0.0118656,-1.62682,
421,7,0.3,0.3,1.00609,-0.0148078,-1.62682,
422,8,0.3,0.3,1.00593,-0.0178025,-1.62722,
423,9,0.3,0.3,1.00576,-0.0207446,-1.62722,
424,10,0.3,0.3,1.00559,-0.0237393,-1.62682,
425,11,0.3,0.3,1.00542,-0.026734,-1.62722,
426,12,0.3,0.3,1.00526,-0.0296761,-1.62722,
427,13,0.3,0.3,1.00509,-0.0326709,-1.62682,
428,14,0.3,0.3,1.00492,-0.0356655,-1.62722,
429,15,0.3,0.3,1.00475,-0.0386076,-1.62722,
430,16,0.3,0.3,1.00458,-0.0416024,-1.62682,
431,17,0.3,0.3,1.00442,-0.0445446,-1.62682,
432,18,0.3,0.3,1.00425,-0.0475392,-1.62722,
433,19,0.3,0.3,1.00408,-0.050534,-1.62682,
434,20,0.3,0.3,1.00392,-0.0534761,-1.62682,
435,21,0.3,0.3,1.00375,-0.0564708,-1.62722,
436,22,0.3,0.3,1.00358,-0.0594129,-1.62722,
437,23,0.3,0.3,1.00341,-0.0624077,-1.62682,
438,24,0.3,0.3,1.00324,-0.0654023,-1.62722,
439,25,0.3,0.3,1.00308,-0.0683444,-1.62722,
440,26,0.3,0.3,1.00291,-0.0713392,-1.62682,
441,27,0.3,0.3,1.00274,-0.0743338,-1.62722,
442,28,0.3,0.3,1.00258,-0.077276,-1.62722,
443,29,0.3,0.3,1.00241,-0.0802707,-1.62682,
444,30,0.3,0.3,1.00224,-0.0832129,-1.62682,
445,31,0.3,0.3,1.00207,-0.0862075,-1.62722,
446,32,0.3,0.3,1.00191,-0.0892023,-1.62682,
447,33,0.3,0.3,1.00174,-0.0921445,-1.62682,
448,34,0.3,0.3,1.00157,-0.0951391,-1.62722,
449,35,0.3,0.3,1.0014,-0.0980812,-1.62722,
450,36,0.3,0.3,1.00124,-0.101076,-1.62682,
451,37,0.3,0.3,1.00107,-0.104071,-1.62722,
452,38,0.3,0.3,1.0009,-0.107013,-1.62722,
453,39,0.3,0.3,1.00073,-0.110007,-1.62682,
454,40,0.3,0.3,1.00056,-0.113002,-1.62722,
455,41,0.3,0.3,1.0004,-0.115944,-1.62722,
456,42,0.3,0.3,1.00023,-0.118939,-1.62682,
457,43,0.3,0.3,1.00007,-0.121881,-1.62682,
458,44,0.3,0.3,0.999896,-0.124876,-1.62722,
459,45,0.3,0.3,0.999728,-0.127871,-1.62682,
460,46,0.3,0.3,0.999563,-0.130813,-1.62682,
461,47,0.3,0.3,0.999394,-0.133807,-1.62722,
462,48,0.3,0.3,0.999228,-0.13675,-1.62722,
463,49,0.3,0.3,0.99906,-0.139744,-1.62682,
464,50,0.3,0.3,0.998891,-0.142739,-1.62722,
465,51,0.3,0.3,0.998725,-0.145681,-1.62722,
466,52,0.3,0.3,0.998557,-0.148676,-1.62682,
467,53,0.3,0.3,0.998392,-0.151618,-1.62682,
468,54,0.3,0.3,0.998222,-0.154613,-1.62722,
469,55,0.3,0.3,0.998054,-0.157607,-1.62682,
470,56,0.3,0.3,0.997889,-0.16055,-1.62682,
471,57,0.3,0.3,0.99772,-0.163544,-1.62722,
472,58,0.3,0.3,0.997554,-0.166486,-1.62722,
473,59,0.3,0.3,0.997386,-0.169481,-1.62682,
474,60,0.3,0.3,0.997217,-0.172476,-1.62722,
475,61,0.3,0.3,0.997051,-0.175418,-1.62722,
476,62,0.3,0.3,0.996883,-0.178413,-1.62682,
477,63,0.3,0.3,0.996714,-0.181407,-1.62722,
478,64,0.3,0.3,0.996547,-0.184349,-1.62722,
479,65,0.3,0.3,0.99638,-0.187344,-1.62682,
480,66,0.3,0.3,0.996215,-0.190286,-1.62682,
481,67,0.3,0.3,0.996045,-0.193281,-1.62722,
482,68,0.3,0.3,0.995877,-0.196276,-1.62682,
483,69,0.3,0.3,0.995712,-0.199218,-1.62682,
484,70,0.3,0.3,0.995543,-0.202213,-1.62722,
485,71,0.3,0.3,0.995377,-0.205155,-1.62722,
486,72,0.3,0.3,0.995209,-0.208149,-1.62682,
487,73,0.3,0.3,0.99504,-0.211144,-1.62722,
488,74,0.3,0.3,0.994874,-0.214086,-1.62722,
489,75,0.3,0.3,0.994706,-0.217081,-1.62682,
490,76,0.3,0.3,0.994537,-0.220076,-1.62722,
491,77,0.3,0.3,0.99437,-0.223018,-1.62722,
492,78,0.3,0.3,0.994203,-0.226012,-1.62682,
493,79,0.3,0.3,0.994038,-0.228955,-1.62682,
494,80,0.3,0.3,0.993868,-0.231949,-1.62722,
495,81,0.3,0.3,0.9937,-0.234944,-1.62682,
496,82,0.3,0.3,0.993535,-0.237886,-1.62682,
497,83,0.3,0.3,0.993366,-0.240881,-1.62722,
498,84,0.3,0.3,0.9932,-0.243823,-1.62722,
499,85,0.3,0.3,0.993032,-0.246818,-1.62682,
500,86,0.3,0.3,0.992863,-0.249812,-1.62722,
501,87,0.3,0.3,0.992697,-0.252755,-1.62722,
502,88,0.3,0.3,0.992529,-0.255749,-1.62682,
503,89,0.3,0.3,0.99236,-0.258744,-1.62722,
504,90,0.3,0.3,0.992193,-0.261686,-1.62722,
505,91,0.3,0.3,0.992025,-0.264681,-1.62682,
506,92,0.3,0.3,0.99186,-0.267623,-1.62682,
507,93,0.3,0.3,0.991691,-0.270618,-1.62722,
508,94,0.3,0.3,0.991523,-0.273612,-1.62682,
509,95,0.3,0.3,0.991358,-0.276555,-1.62682,
510,96,0.3,0.3,0.991189,-0.279549,-1.62722,
511,97,0.3,0.3,0.991023,-0.282491,-1.62722,
512,98,0.3,0.3,0.990855,-0.285486,-1.62682,
513,99,0.3,0.3,0.990686,-0.288481,-1.62722,
514,100,0.3,0.3,0.99052,-0.291423,-1.62722,
515,101,0.3,0.3,0.990352,-0.294418,-1.62682,
516,102,0.3,0.3,0.990183,-0.297412,-1.62722,
517,103,0.3,0.3,0.990016,-0.300354,-1.62722,
518,104,0.3,0.3,0.989848,-0.303349,-1.62682,
519,105,0.3,0.3,0.989683,-0.306291,-1.62682,
520,106,0.3,0.3,0.989514,-0.309286,-1.62722,
521,107,0.3,0.3,0.989346,-0.312281,-1.62682,
522,108,0.3,0.3,0.989181,-0.315223,-1.62682,
523,109,0.3,0.3,0.989012,-0.318218,-1.62722,
524,110,0.3,0.3,0.988846,-0.32116,-1.62722,
525,111,0.3,0.3,0.988678,-0.324154,-1.62682,
526,112,0.3,0.3,0.988509,-0.327149,-1.62722,
527,113,0.3,0.3,0.988343,-0.330091,-1.62722,
528,114,0.3,0.3,0.988175,-0.333086,-1.62682,
529,115,0.3,0.3,0.98801,-0.336028,-1.62682,
530,116,0.3,0.3,0.987841,-0.339023,-1.62722,
531,117,0.3,0.3,0.987673,-0.342017,-1.62682,
532,118,0.3,0.3,0.987508,-0.34496,-1.62682,
533,119,0.3,0.3,0.987338,-0.347954,-1.62722,
534,120,0.3,0.3,0.987172,-0.350896,-1.62722,
535,121,0.3,0.3,0.987004,-0.353891,-1.62682,
536,122,0.3,0.3,0.986835,-0.356886,-1.62722,
537,123,0.3,0.3,0.986669,-0.359828,-1.62722,
538,124,0.3,0.3,0.986501,-0.362823,-1.62682,
539,125,0.3,0.3,0.986332,-0.365817,-1.62722,
540,126,0.3,0.3,0.986166,-0.368759,-1.62722,
541,127,0.3,0.3,0.985998,-0.371754,-1.62682,
542,128,0.3,0.3,0.985833,-0.374696,-1.62682,
543,129,0.3,0.3,0.985664,-0.377691,-1.62722,
544,130,0.3,0.3,0.985496,-0.380686,-1.62682,
545,131,0.3,0.3,0.985331,-0.383628,-1.62682,
546,132,0.3,0.3,0.985161,-0.386623,-1.62722,
547,133,0.3,0.3,0.984995,-0.389565,-1.62722,
548,134,0.3,0.3,0.984827,-0.392559,-1.62682,
549,135,0.3,0.3,0.984658,-0.395554,-1.62722,
550,136,0.3,0.3,0.984492,-0.398496,-1.62722,
551,137,0.3,0.3,0.984324,-0.401491,-1.62682,
552,138,0.3,0.3,0.984155,-0.404486,-1.62722,
553,139,0.3,0.3,0.983989,-0.407428,-1.62722,
554,140,0.3,0.3,0.983821,-0.410423,-1.62682,
555,141,0.3,0.3,0.983656,-0.413365,-1.62682,
556,142,0.3,0.3,0.983486,-0.416359,-1.62722,
557,143,0.3,0.3,0.983319,-0.419354,-1.62682,
558,144,0.3,0.3,0.983154,-0.422296,-1.62682,
559,145,0.3,0.3,0.982984,-0.425291,-1.62722,
560,146,0.3,0.3,0.982818,-0.428233,-1.62722,
561,147,0.3,0.3,0.98265,-0.431228,-1.62682,
562,148,0.3,0.3,0.982481,-0.434222,-1.62722,
563,149,0.3,0.3,0.982315,-0.437165,-1.62722,
564,150,0.3,0.3,0.982147,-0.440159,-1.62682,
565,151,0.3,0.3,0.981978,-0.443154,-1.62722,
566,152,0.3,0.3,0.981812,-0.446096,-1.62722,
567,153,0.3,0.3,0.981644,-0.449091,-1.62682,
568,154,0.3,0.3,0.981479,-0.452033,-1.62682,
569,155,0.3,0.3,0.981309,-0.455028,-1.62722,
570,156,0.3,0.3,0.981141,-0.458022,-1.62682,
571,157,0.3,0.3,0.980976,-0.460965,-1.62682,
572,158,0.3,0.3,0.980807,-0.463959,-1.62722,
573,159,0.3,0.3,0.980641,-0.466901,-1.62722,
574,160,0.3,0.3,0.980473,-0.469896,-1.62682,
575,161,0.3,0.3,0.980304,-0.472891,-1.62722,
576,162,0.3,0.3,0.980138,-0.475833,-1.62722,
577,163,0.3,0.3,0.97997,-0.478828,-1.62682,
578,164,0.3,0.3,0.979801,-0.481822,-1.62722,
579,165,0.3,0.3,0.979635,-0.484764,-1.62722,
580,166,0.3,0.3,0.979467,-0.487759,-1.62682,
581,167,0.3,0.3,0.979302,-0.490701,-1.62682,
582,168,0.3,0.3,0.979132,-0.493696,-1.62722,
583,169,0.3,0.3,0.978964,-0.496691,-1.62682,
584,170,0.3,0.3,0.978799,-0.499633,-1.62682,
585,171,0.3,0.3,0.97863,-0.502628,-1.62722,
586,172,0.3,0.3,0.978464,-0.50557,-1.62722,
587,173,0.3,0.3,0.978296,-0.508564,-1.62682,
588,174,0.3,0.3,0.978127,-0.511559,-1.62722,
589,175,0.3,0.3,0.977961,-0.514501,-1.62722,
590,176,0.3,0.3,0.977793,-0.517496,-1.62682,
591,177,0.3,0.3,0.977628,-0.520438,-1.62682,
592,178,0.3,0.3,0.977459,-0.523433,-1.62722,
593,179,0.3,0.3,0.977291,-0.526428,-1.62682,
594,180,0.3,0.3,0.977126,-0.52937,-1.62682,
595,181,0.3,0.3,0.976957,-0.532364,-1.62722,
596,182,0.3,0.3,0.976789,-0.535359,-1.62682,
597,183,0.3,0.3,0.976624,-0.538301,-1.62682,
598,184,0.3,0.3,0.976454,-0.541296,-1.62722,
599,185,0.3,0.3,0.976288,-0.544238,-1.62722,
600,186,0.3,0.3,0.97612,-0.547233,-1.62682,
601,187,0.3,0.3,0.975951,-0.550227,-1.62722,
602,188,0.3,0.3,0.975785,-0.55317,-1.62722,
603,189,0.3,0.3,0.975617,-0.556164,-1.62682,
604,190,0.3,0.3,0.975452,-0.559107,-1.62682,
605,191,0.3,0.3,0.975283,-0.562101,-1.62722,
606,192,0.3,0.3,0.975115,-0.565096,-1.62682,
607,193,0.3,0.3,0.97495,-0.568038,-1.62682,
608,194,0.3,0.3,0.974781,-0.571033,-1.62722,
609,195,0.3,0.3,0.974615,-0.573975,-1.62722,
610,196,0.3,0.3,0.974447,-0.57697,-1.62682,
611,197,0.3,0.3,0.974277,-0.579964,-1.62722,
612,198,0.3,0.3,0.974111,-0.582906,-1.62722,
613,199,0.3,0.3,0.973943,-0.585901,-1.62682,
614,200,0.3,0.3,0.973774,-0.588896,-1.62722,
615,201,0.3,0.3,0.973608,-0.591838,-1.62722,
616,202,0.3,0.3,0.97344,-0.594833,-1.62682,
617,203,0.3,0.3,0.973275,-0.597775,-1.62682,
618,204,0.3,0.3,0.973106,-0.60077,-1.62722,
619,205,0.3,0.3,0.972938,-0.603764,-1.62682,
620,206,0.3,0.3,0.972773,-0.606706,-1.62682,
621,207,0.3,0.3,0.972604,-0.609701,-1.62722,
622,208,0.3,0.3,0.972437,-0.612643,-1.62722,
623,209,0.3,0.3,0.97227,-0.615638,-1.62682,
624,210,0.3,0.3,0.9721,-0.618633,-1.62722,
625,211,0.3,0.3,0.971934,-0.621575,-1.62722,
626,212,0.3,0.3,0.971766,-0.624569,-1.62682,
627,213,0.3,0.3,0.971597,-0.627564,-1.62722,
628,214,0.3,0.3,0.971431,-0.630506,-1.62722,
629,215,0.3,0.3,0.971263,-0.633501,-1.62682,
630,216,0.3,0.3,0.971098,-0.636443,-1.62682,
631,217,0.3,0.3,0.970929,-0.639438,-1.62722,
632,218,0.3,0.3,0.970761,-0.642433,-1.62682,
633,219,0.3,0.3,0.970596,-0.645375,-1.62682,
634,220,0.3,0.3,0.970427,-0.648369,-1.62722,
635,221,0.3,0.3,0.97026,-0.651312,-1.62722,
636,222,0.3,0.3,0.970093,-0.654306,-1.62682,
637,223,0.3,0.3,0.969923,-0.657301,-1.62722,
638,224,0.3,0.3,0.969757,-0.660243,-1.62722,
639,225,0.3,0.3,0.969589,-0.663238,-1.62682,
640,226,0.3,0.3,0.96942,-0.666232,-1.62722,
641,227,0.3,0.3,0.969254,-0.669175,-1.62722,
642,228,0.3,0.3,0.969086,-0.672169,-1.62682,
643,229,0.3,0.3,0.968921,-0.675111,-1.62682,
644,230,0.3,0.3,0.968752,-0.678106,-1.62722,
645,231,0.3,0.3,0.968584,-0.681101,-1.62682,
646,232,0.3,0.3,0.968419,-0.684043,-1.62682,
647,233,0.3,0.3,0.96825,-0.687038,-1.62722,
648,234,0.3,0.3,0.968083,-0.68998,-1.62722,
649,235,0.3,0.3,0.967915,-0.692975,-1.62682,
650,236,0.3,0.3,0.967746,-0.695969,-1.62722,
651,237,0.3,0.3,0.96758,-0.698911,-1.62722,
652,238,0.3,0.3,0.967412,-0.701906,-1.62682,
653,239,0.3,0.3,0.967247,-0.704848,-1.62682,
654,240,0.3,0.3,0.967078,-0.707843,-1.62722,
655,241,0.3,0.3,0.96691,-0.710838,-1.62682,
656,242,0.3,0.3,0.966745,-0.71378,-1.62682,
657,243,0.3,0.3,0.966576,-0.716775,-1.62722,
658,244,0.3,0.3,0.966408,-0.719769,-1.62682,
659,245,0.3,0.3,0.966243,-0.722711,-1.62682,
660,246,0.3,0.3,0.966074,-0.725706,-1.62722,
661,247,0.3,0.3,0.965908,-0.728648,-1.62722,
662,248,0.3,0.3,0.96574,-0.731643,-1.62682,
663,249,0.3,0.3,0.96557,-0.734638,-1.62722,
664,250,0.3,0.3,0.965404,-0.73758,-1.62722,
665,251,0.3,0.3,0.965236,-0.740574,-1.62682,
666,252,0.3,0.3,0.965071,-0.743517,-1.62682,
667,253,0.3,0.3,0.964902,-0.746511,-1.62722,
668,254,0.3,0.3,0.964734,-0.749506,-1.62682,
669,255,0.3,0.3,0.964569,-0.752448,-1.62682,
670,256,0.3,0.3,0.9644,-0.755443,-1.62722,
671,257,0.3,0.3,0.964234,-0.758385,-1.62722,
672,258,0.3,0.3,0.964066,-0.76138,-1.62682,
673,259,0.3,0.3,0.963897,-0.764374,-1.62722,
674,260,0.3,0.3,0.963731,-0.767317,-1.62722,
675,261,0.3,0.3,0.963563,-0.770311,-1.62682,
676,262,0.3,0.3,0.963393,-0.773306,-1.62722,
677,263,0.3,0.3,0.963227,-0.776248,-1.62722,
678,264,0.3,0.3,0.963059,-0.779243,-1.62682,
679,265,0.3,0.3,0.962894,-0.782185,-1.62682,
680,266,0.3,0.3,0.962725,-0.78518,-1.62722,
681,267,0.3,0.3,0.962557,-0.788174,-1.62682,
682,268,0.3,0.3,0.962392,-0.791117,-1.62682,
683,269,0.3,0.3,0.962223,-0.794111,-1.62722,
684,270,0.3,0.3,0.962057,-0.797053,-1.62722,
685,271,0.3,0.3,0.961889,-0.800048,-1.62682,
686,272,0.3,0.3,0.96172,-0.803043,-1.62722,
687,273,0.3,0.3,0.961554,-0.805985,-1.62722,
688,274,0.3,0.3,0.961386,-0.80898,-1.62682,
689,275,0.3,0.3,0.961216,-0.811974,-1.62722,
690,276,0.3,0.3,0.96105,-0.814916,-1.62722,
691,277,0.3,0.3,0.960882,-0.817911,-1.62682,
692,278,0.3,0.3,0.960717,-0.820853,-1.62682,
693,279,0.3,0.3,0.960548,-0.823848,-1.62722,
694,280,0.3,0.3,0.96038,-0.826843,-1.62682,
695,281,0.3,0.3,0.960215,-0.829785,-1.62682,
696,282,0.3,0.3,0.960046,-0.83278,-1.62722,
697,283,0.3,0.3,0.95988,-0.835722,-1.62722,
698,284,0.3,0.3,0.959712,-0.838716,-1.62682,
699,285,0.3,0.3,0.959543,-0.841711,-1.62722,
700,286,0.3,0.3,0.959376,-0.844653,-1.62722,
701,287,0.3,0.3,0.959209,-0.847648,-1.62682,
702,288,0.3,0.3,0.959039,-0.850643,-1.62722,
703,289,0.3,0.3,0.958873,-0.853585,-1.62722,
704,290,0.3,0.3,0.958705,-0.856579,-1.62682,
705,291,0.3,0.3,0.95854,-0.859522,-1.62682,
706,292,0.3,0.3,0.958371,-0.862516,-1.62722,
707,293,0.3,0.3,0.958203,-0.865511,-1.62682,
708,294,0.3,0.3,0.958038,-0.868453,-1.62682,
709,295,0.3,0.3,0.957869,-0.871448,-1.62722,
710,296,0.3,0.3,0.957703,-0.87439,-1.62722,
711,297,0.3,0.3,0.957535,-0.877385,-1.62682,
712,298,0.3,0.3,0.957366,-0.880379,-1.62722,
713,299,0.3,0.3,0.957199,-0.883322,-1.62722,
714,300,0.3,0.3,0.957031,-0.886316,-1.62682,
715,301,0.3,0.3,0.956866,-0.889258,-1.62682,
716,302,0.3,0.3,0.956697,-0.892253,-1.62722,
717,303,0.3,0.3,0.956529,-0.895248,-1.62682,
718,304,0.3,0.3,0.956364,-0.89819,-1.62682,
719,305,0.3,0.3,0.956195,-0.901185,-1.62722,
720,306,0.3,0.3,0.956027,-0.904179,-1.62682,
721,307,0.3,0.3,0.955862,-0.907122,-1.62682,
722,308,0.3,0.3,0.955693,-0.910116,-1.62722,
723,309,0.3,0.3,0.955527,-0.913058,-1.62722,
724,310,0.3,0.3,0.955359,-0.916053,-1.62682,
725,311,0.3,0.3,0.95519,-0.919048,-1.62722,
726,312,0.3,0.3,0.955024,-0.92199,-1.62722,
727,313,0.3,0.3,0.954856,-0.924985,-1.62682,
728,314,0.3,0.3,0.954691,-0.927927,-1.62682,
729,315,0.3,0.3,0.954521,-0.930921,-1.62722,
730,316,0.3,0.3,0.954354,-0.933916,-1.62682,
731,317,0.3,0.3,0.954189,-0.936858,-1.62682,
732,318,0.3,0.3,0.954019,-0.939853,-1.62722,
733,319,0.3,0.3,0.953853,-0.942795,-1.62722,
734,320,0.3,0.3,0.953685,-0.94579,-1.62682,
735,321,0.3,0.3,0.953516,-0.948785,-1.62722,
736,322,0.3,0.3,0.95335,-0.951727,-1.62722,
737,323,0.3,0.3,0.953182,-0.954721,-1.62682,
738,324,0.3,0.3,0.953013,-0.957716,-1.62722,
739,325,0.3,0.3,0.952847,-0.960658,-1.62722,
740,326,0.3,0.3,0.952679,-0.963653,-1.62682,
741,327,0.3,0.3,0.952514,-0.966595,-1.62682,
742,328,0.3,0.3,0.952344,-0.96959,-1.62722,
743,329,0.3,0.3,0.952176,-0.972585,-1.62682,
744,330,0.3,0.3,0.952011,-0.975527,-1.62682,
745,331,0.3,0.3,0.951842,-0.978521,-1.62722,
746,332,0.3,0.3,0.951676,-0.981464,-1.62722,
747,333,0.3,0.3,0.951508,-0.984458,-1.62682,
748,334,0.3,0.3,0.951339,-0.987453,-1.62722,
749,335,0.3,0.3,0.951173,-0.990395,-1.62722,
750,336,0.3,0.3,0.951005,-0.99339,-1.62682,
751,337,0.3,0.3,0.950836,-0.996384,-1.62722,
752,338,0.3,0.3,0.95067,-0.999327,-1.62722,
753,339,0,0,0.950502,-1.00232,-1.62682,
754,0,0,0,0.950337,-1.00526,-1.62682,
755,1,0.3,-0.3,0.950337,-1.00526,-1.62682,
756,2,0.3,-0.3,0.950337,-1.00526,-1.62682,
757,3,0.3,-0.3,0.950328,-1.00537,-1.64949,
758,4,0.3,-0.3,0.950334,-1.00532,-1.67256,
759,5,0.3,-0.3,0.950334,-1.00532,-1.69523,
760,6,0.3,-0.3,0.950326,-1.00537,-1.7183,
761,7,0.3,-0.3,0.950335,-1.00532,-1.74137,
762,8,0.3,-0.3,0.950335,-1.00532,-1.76404,
763,9,0.3,-0.3,0.950324,-1.00537,-1.78711,
764,10,0.3,-0.3,0.950336,-1.00532,-1.81019,
765,11,0.3,-0.3,0.950336,-1.00532,-1.83285,
766,12,0.3,-0.3,0.950321,-1.00537,-1.85593,
767,13,0.3,-0.3,0.950321,-1.00537,-1.87859,
768,14,0.3,-0.3,0.950338,-1.00532,-1.90167,
769,15,0.3,-0.3,0.950338,-1.00532,-1.92433,
770,16,0.3,-0.3,0.950319,-1.00537,-1.94741,
771,17,0.3,-0.3,0.950339,-1.00532,-1.97048,
772,18,0.3,-0.3,0.950339,-1.00532,-1.99315,
773,19,0.3,-0.3,0.950317,-1.00537,-2.01622,
774,20,0.3,-0.3,0.950341,-1.00532,-2.03929,
775,21,0.3,-0.3,0.950341,-1.00532,-2.06196,
776,22,0.3,-0.3,0.950315,-1.00536,-2.08503,
777,23,0.3,-0.3,0.950342,-1.00532,-2.10811,
778,24,0.3,-0.3,0.950342,-1.00532,-2.13077,
779,25,0.3,-0.3,0.950342,-1.00532,-2.15344,
780,26,0.3,-0.3,0.950312,-1.00536,-2.17651,
781,27,0.3,-0.3,0.950343,-1.00532,-2.19959,
782,28,0.3,-0.3,0.950343,-1.00532,-2.22225,
783,29,0.3,-0.3,0.95031,-1.00536,-2.24533,
784,30,0.3,-0.3,0.950344,-1.00532,-2.2684,
785,31,0.3,-0.3,0.950344,-1.00532,-2.29107,
786,32,0.3,-0.3,0.950308,-1.00536,-2.31414,
787,33,0.3,-0.3,0.950344,-1.00532,-2.33721,
788,34,0.3,-0.3,0.950344,-1.00532,-2.35988,
789,35,0.3,-0.3,0.950306,-1.00536,-2.38295,
790,36,0.3,-0.3,0.950306,-1.00536,-2.40562,
791,37,0.3,-0.3,0.950346,-1.00532,-2.42869,
792,38,0.3,-0.3,0.950346,-1.00532,-2.45136,
793,39,0.3,-0.3,0.950305,-1.00536,-2.47443,
794,40,0.3,-0.3,0.950347,-1.00532,-2.49751,
795,41,0.3,-0.3,0.950347,-1.00532,-2.52017,
796,42,0.3,-0.3,0.950303,-1.00535,-2.54325,
797,43,0.3,-0.3,0.950347,-1.00532,-2.56632,
798,44,0.3,-0.3,0.950347,-1.00532,-2.58899,
799,45,0.3,-0.3,0.950302,-1.00535,-2.61206,
800,46,0.3,-0.3,0.950348,-1.00533,-2.63513,
801,47,0.3,-0.3,0.950348,-1.00533,-2.6578,
802,48,0.3,-0.3,0.950301,-1.00535,-2.68087,
803,49,0.3,-0.3,0.950301,-1.00535,-2.70354,
804,50,0.3,-0.3,0.950349,-1.00533,-2.72661,
805,51,0.3,-0.3,0.950349,-1.00533,-2.74928,
806,52,0.3,-0.3,0.9503,-1.00535,-2.77235,
807,53,0.3,-0.3,0.950349,-1.00533,-2.79543,
808,54,0.3,-0.3,0.950349,-1.00533,-2.81809,
809,55,0.3,-0.3,0.950299,-1.00534,-2.84117,
810,56,0.3,-0.3,0.95035,-1.00533,-2.86424,
811,57,0.3,-0.3,0.95035,-1.00533,-2.88691,
812,58,0.3,-0.3,0.950299,-1.00534,-2.90998,
813,59,0.3,-0.3,0.95035,-1.00533,-2.93305,
814,60,0.3,-0.3,0.95035,-1.00533,-2.95572,
815,61,0.3,-0.3,0.950298,-1.00534,-2.97879,
816,62,0.3,-0.3,0.950298,-1.00534,-3.00146,
817,63,0.3,-0.3,0.95035,-1.00533,-3.02453,
818,64,0.3,-0.3,0.95035,-1.00533,-3.0472,
819,65,0.3,-0.3,0.950298,-1.00534,-3.07027,
820,66,0.3,-0.3,0.95035,-1.00534,-3.09335,
821,67,0.3,-0.3,0.95035,-1.00534,-3.11601,
822,68,0.3,-0.3,0.950298,-1.00534,-3.13909,
823,69,0.3,-0.3,0.95035,-1.00534,-3.16216,
824,70,0.3,-0.3,0.95035,-1.00534,-3.18483,
825,71,0.3,-0.3,0.950298,-1.00533,-3.2079,
826,72,0,0,0.95035,-1.00534,-3.23097,
827,0,0,0,0.95035,-1.00534,-3.25364,
828,1,0.3,0.3,0.95035,-1.00534,-3.25364,
829,2,0.3,0.3,0.95035,-1.00534,-3.25364,
830,3,0.3,0.3,0.947422,-1.00501,-3.25445,
831,4,0.3,0.3,0.944442,-1.00467,-3.25404,
832,5,0.3,0.3,0.941514,-1.00434,-3.25404,
833,6,0.3,0.3,0.938585,-1.00401,-3.25404,
834,7,0.3,0.3,0.935553,-1.00367,-3.25404,
835,8,0.3,0.3,0.932624,-1.00333,-3.25404,
836,9,0.3,0.3,0.929696,-1.003,-3.25404,
837,10,0.3,0.3,0.926663,-1.00266,-3.25404,
838,11,0.3,0.3,0.923735,-1.00233,-3.25404,
839,12,0.3,0.3,0.920807,-1.002,-3.25404,
840,13,0.3,0.3,0.917774,-1.00166,-3.25404,
841,14,0.3,0.3,0.914846,-1.00133,-3.25404,
842,15,0.3,0.3,0.911918,-1.001,-3.25404,
843,16,0.3,0.3,0.908938,-1.00066,-3.25445,
844,17,0.3,0.3,0.905957,-1.00032,-3.25404,
845,18,0.3,0.3,0.903029,-0.999991,-3.25404,
846,19,0.3,0.3,0.900101,-0.999661,-3.25404,
847,20,0.3,0.3,0.897068,-0.999318,-3.25404,
848,21,0.3,0.3,0.89414,-0.998987,-3.25404,
849,22,0.3,0.3,0.891211,-0.998657,-3.25404,
850,23,0.3,0.3,0.888179,-0.998314,-3.25404,
851,24,0.3,0.3,0.88525,-0.997984,-3.25404,
852,25,0.3,0.3,0.882322,-0.997653,-3.25404,
853,26,0.3,0.3,0.879289,-0.99731,-3.25404,
854,27,0.3,0.3,0.876361,-0.99698,-3.25404,
855,28,0.3,0.3,0.873433,-0.996649,-3.25404,
856,29,0.3,0.3,0.870505,-0.996318,-3.25404,
857,30,0.3,0.3,0.867472,-0.995976,-3.25404,
858,31,0.3,0.3,0.864544,-0.995645,-3.25404,
859,32,0.3,0.3,0.861616,-0.995315,-3.25404,
860,33,0.3,0.3,0.858583,-0.994972,-3.25404,
861,34,0.3,0.3,0.855655,-0.994641,-3.25404,
862,35,0.3,0.3,0.852726,-0.994311,-3.25404,
863,36,0.3,0.3,0.849694,-0.993968,-3.25404,
864,37,0.3,0.3,0.846766,-0.993638,-3.25404,
865,38,0.3,0.3,0.843837,-0.993307,-3.25404,
866,39,0.3,0.3,0.840805,-0.992964,-3.25404,
867,40,0.3,0.3,0.837876,-0.992634,-3.25404,
868,41,0.3,0.3,0.834948,-0.992303,-3.25404,
869,42,0.3,0.3,0.83202,-0.991972,-3.25404,
870,43,0.3,0.3,0.828987,-0.99163,-3.25404,
871,44,0.3,0.3,0.826059,-0.991299,-3.25404,
872,45,0.3,0.3,0.823131,-0.990969,-3.25404,
873,46,0.3,0.3,0.820098,-0.990626,-3.25404,
874,47,0.3,0.3,0.81717,-0.990295,-3.25404,
875,48,0.3,0.3,0.814242,-0.989965,-3.25404,
876,49,0.3,0.3,0.811209,-0.989622,-3.25404,
877,50,0.3,0.3,0.808281,-0.989292,-3.25404,
878,51,0.3,0.3,0.805352,-0.988961,-3.25404,
879,52,0.3,0.3,0.802372,-0.988623,-3.25445,
880,53,0.3,0.3,0.799392,-0.988287,-3.25404,
881,54,0.3,0.3,0.796463,-0.987956,-3.25404,
882,55,0.3,0.3,0.793535,-0.987625,-3.25404,
883,56,0.3,0.3,0.790502,-0.987283,-3.25404,
884,57,0.3,0.3,0.787574,-0.986952,-3.25404,
885,58,0.3,0.3,0.784646,-0.986621,-3.25404,
886,59,0.3,0.3,0.781613,-0.986279,-3.25404,
887,60,0.3,0.3,0.778685,-0.985948,-3.25404,
888,61,0.3,0.3,0.775757,-0.985618,-3.25404,
889,62,0.3,0.3,0.772724,-0.985275,-3.25404,
890,63,0.3,0.3,0.769796,-0.984944,-3.25404,
891,64,0.3,0.3,0.766868,-0.984614,-3.25404,
892,65,0.3,0.3,0.763887,-0.984276,-3.25445,
893,66,0.3,0.3,0.760907,-0.983939,-3.25404,
894,67,0.3,0.3,0.757979,-0.983609,-3.25404,
895,68,0.3,0.3,0.75505,-0.983278,-3.25404,
896,69,0.3,0.3,0.752018,-0.982936,-3.25404,
897,70,0.3,0.3,0.749089,-0.982605,-3.25404,
898,71,0.3,0.3,0.746161,-0.982274,-3.25404,
899,72,0.3,0.3,0.743128,-0.981932,-3.25404,
900,73,0.3,0.3,0.7402,-0.981601,-3.25404,
901,74,0.3,0.3,0.737272,-0.98127,-3.25404,
902,75,0.3,0.3,0.734239,-0.980928,-3.25404,
903,76,0.3,0.3,0.731311,-0.980597,-3.25404,
904,77,0.3,0.3,0.728383,-0.980267,-3.25404,
905,78,0.3,0.3,0.725402,-0.979929,-3.25445,
906,79,0.3,0.3,0.722422,-0.979592,-3.25404,
907,80,0.3,0.3,0.719494,-0.979262,-3.25404,
908,81,0.3,0.3,0.716566,-0.978931,-3.25404,
909,82,0.3,0.3,0.713533,-0.978588,-3.25404,
910,83,0.3,0.3,0.710605,-0.978258,-3.25404,
911,84,0.3,0.3,0.707676,-0.977927,-3.25404,
912,85,0.3,0.3,0.704644,-0.977585,-3.25404,
913,86,0.3,0.3,0.701715,-0.977254,-3.25404,
914,87,0.3,0.3,0.698787,-0.976923,-3.25404,
915,88,0.3,0.3,0.695754,-0.976581,-3.25404,
916,89,0.3,0.3,0.692826,-0.97625,-3.25404,
917,90,0.3,0.3,0.689898,-0.975919,-3.25404,
918,91,0.3,0.3,0.68697,-0.975589,-3.25404,
919,92,0.3,0.3,0.683937,-0.975246,-3.25404,
920,93,0.3,0.3,0.681009,-0.974916,-3.25404,
921,94,0.3,0.3,0.678081,-0.974585,-3.25404,
922,95,0.3,0.3,0.675048,-0.974242,-3.25404,
923,96,0.3,0.3,0.67212,-0.973912,-3.25404,
924,97,0.3,0.3,0.669191,-0.973581,-3.25404,
925,98,0.3,0.3,0.666159,-0.973239,-3.25404,
926,99,0.3,0.3,0.66323,-0.972908,-3.25404,
927,100,0.3,0.3,0.660302,-0.972577,-3.25404,
928,101,0.3,0.3,0.657269,-0.972235,-3.25404,
929,102,0.3,0.3,0.654341,-0.971904,-3.25404,
930,103,0.3,0.3,0.651413,-0.971573,-3.25404,
931,104,0.3,0.3,0.648485,-0.971243,-3.25404,
932,105,0.3,0.3,0.645452,-0.9709,-3.25404,
933,106,0.3,0.3,0.642524,-0.97057,-3.25404,
934,107,0.3,0.3,0.639596,-0.970239,-3.25404,
935,108,0.3,0.3,0.636563,-0.969896,-3.25404,
936,109,0.3,0.3,0.633635,-0.969566,-3.25404,
937,110,0.3,0.3,0.630706,-0.969235,-3.25404,
938,111,0.3,0.3,0.627674,-0.968893,-3.25404,
939,112,0.3,0.3,0.624745,-0.968562,-3.25404,
940,113,0.3,0.3,0.621817,-0.968231,-3.25404,
941,114,0.3,0.3,0.618837,-0.967893,-3.25445,
942,115,0.3,0.3,0.615856,-0.967557,-3.25404,
943,116,0.3,0.3,0.612928,-0.967226,-3.25404,
944,117,0.3,0.3,0.61,-0.966895,-3.25404,
945,118,0.3,0.3,0.606967,-0.966553,-3.25404,
946,119,0.3,0.3,0.604039,-0.966222,-3.25404,
947,120,0.3,0.3,0.601111,-0.965892,-3.25404,
948,121,0.3,0.3,0.598078,-0.965549,-3.25404,
949,122,0.3,0.3,0.59515,-0.965218,-3.25404,
950,123,0.3,0.3,0.592222,-0.964888,-3.25404,
951,124,0.3,0.3,0.589189,-0.964545,-3.25404,
952,125,0.3,0.3,0.586261,-0.964215,-3.25404,
953,126,0.3,0.3,0.583332,-0.963884,-3.25404,
954,127,0.3,0.3,0.580352,-0.963546,-3.25445,
955,128,0.3,0.3,0.577372,-0.96321,-3.25404,
956,129,0.3,0.3,0.574443,-0.962879,-3.25404,
957,130,0.3,0.3,0.571515,-0.962548,-3.25404,
958,131,0.3,0.3,0.568482,-0.962206,-3.25404,
959,132,0.3,0.3,0.565554,-0.961875,-3.25404,
960,133,0.3,0.3,0.562626,-0.961544,-3.25404,
961,134,0.3,0.3,0.559593,-0.961202,-3.25404,
962,135,0.3,0.3,0.556665,-0.960871,-3.25404,
963,136,0.3,0.3,0.553737,-0.960541,-3.25404,
964,137,0.3,0.3,0.550704,-0.960198,-3.25404,
965,138,0.3,0.3,0.547776,-0.959867,-3.25404,
966,139,0.3,0.3,0.544848,-0.959537,-3.25404,
967,140,0.3,0.3,0.541867,-0.959199,-3.25445,
968,141,0.3,0.3,0.538887,-0.958862,-3.25404,
969,142,0.3,0.3,0.535959,-0.958532,-3.25404,
970,143,0.3,0.3,0.53303,-0.958201,-3.25404,
971,144,0.3,0.3,0.529998,-0.957859,-3.25404,
972,145,0.3,0.3,0.527069,-0.957528,-3.25404,
973,146,0.3,0.3,0.524141,-0.957197,-3.25404,
974,147,0.3,0.3,0.521108,-0.956855,-3.25404,
975,148,0.3,0.3,0.51818,-0.956524,-3.25404,
976,149,0.3,0.3,0.515252,-0.956193,-3.25404,
977,150,0.3,0.3,0.512219,-0.955851,-3.25404,
978,151,0.3,0.3,0.509291,-0.95552,-3.25404,
979,152,0.3,0.3,0.506363,-0.95519,-3.25404,
980,153,0.3,0.3,0.503435,-0.954859,-3.25404,
981,154,0.3,0.3,0.500402,-0.954516,-3.25404,
982,155,0.3,0.3,0.497474,-0.954186,-3.25404,
983,156,0.3,0.3,0.494545,-0.953855,-3.25404,
984,157,0.3,0.3,0.491513,-0.953513,-3.25404,
985,158,0.3,0.3,0.488584,-0.953182,-3.25404,
986,159,0.3,0.3,0.485656,-0.952851,-3.25404,
987,160,0.3,0.3,0.482623,-0.952509,-3.25404,
988,161,0.3,0.3,0.479695,-0.952178,-3.25404,
989,162,0.3,0.3,0.476767,-0.951847,-3.25404,
990,163,0.3,0.3,0.473734,-0.951505,-3.25404,
991,164,0.3,0.3,0.470806,-0.951174,-3.25404,
992,165,0.3,0.3,0.467878,-0.950844,-3.25404,
993,166,0.3,0.3,0.46495,-0.950513,-3.25404,
994,167,0.3,0.3,0.461917,-0.95017,-3.25404,
995,168,0.3,0.3,0.458989,-0.94984,-3.25404,
996,169,0.3,0.3,0.456061,-0.949509,-3.25404,
997,170,0.3,0.3,0.453028,-0.949167,-3.25404,
998,171,0.3,0.3,0.4501,-0.948836,-3.25404,
999,172,0.3,0.3,0.447171,-0.948505,-3.25404,
1000,173,0.3,0.3,0.444139,-0.948163,-3.25404,
1001,174,0.3,0.3,0.44121,-0.947832,-3.25404,
1002,175,0.3,0.3,0.438282,-0.947501,-3.25404,
1003,176,0.3,0.3,0.435302,-0.947164,-3.25445,
1004,177,0.3,0.3,0.432321,-0.946827,-3.25404,
1005,178,0.3,0.3,0.429393,-0.946496,-3.25404,
1006,179,0.3,0.3,0.426465,-0.946166,-3.25404,
1007,180,0.3,0.3,0.423432,-0.945823,-3.25404,
1008,181,0.3,0.3,0.420504,-0.945493,-3.25404,
1009,182,0.3,0.3,0.417576,-0.945162,-3.25404,
1010,183,0.3,0.3,0.414543,-0.944819,-3.25404,
1011,184,0.3,0.3,0.411615,-0.944489,-3.25404,
1012,185,0.3,0.3,0.408687,-0.944158,-3.25404,
1013,186,0.3,0.3,0.405654,-0.943816,-3.25404,
1014,187,0.3,0.3,0.402726,-0.943485,-3.25404,
1015,188,0.3,0.3,0.399797,-0.943154,-3.25404,
1016,189,0.3,0.3,0.396817,-0.942816,-3.25445,
1017,190,0.3,0.3,0.393836,-0.94248,-3.25404,
1018,191,0.3,0.3,0.390908,-0.942149,-3.25404,
1019,192,0.3,0.3,0.38798,-0.941818,-3.25404,
1020,193,0.3,0.3,0.384947,-0.941476,-3.25404,
1021,194,0.3,0.3,0.382019,-0.941145,-3.25404,
1022,195,0.3,0.3,0.379091,-0.940815,-3.25404,
1023,196,0.3,0.3,0.376058,-0.940472,-3.25404,
1024,197,0.3,0.3,0.37313,-0.940141,-3.25404,
1025,198,0.3,0.3,0.370202,-0.939811,-3.25404,
1026,199,0.3,0.3,0.367169,-0.939468,-3.25404,
1027,200,0.3,0.3,0.364241,-0.939138,-3.25404,
1028,201,0.3,0.3,0.361313,-0.938807,-3.25404,
1029,202,0.3,0.3,0.358332,-0.938469,-3.25445,
1030,203,0.3,0.3,0.355352,-0.938133,-3.25404,
1031,204,0.3,0.3,0.352423,-0.937802,-3.25404,
1032,205,0.3,0.3,0.349495,-0.937471,-3.25404,
1033,206,0.3,0.3,0.346463,-0.937129,-3.25404,
1034,207,0.3,0.3,0.343534,-0.936798,-3.25404,
1035,208,0.3,0.3,0.340606,-0.936467,-3.25404,
1036,209,0.3,0.3,0.337573,-0.936125,-3.25404,
1037,210,0.3,0.3,0.334645,-0.935794,-3.25404,
1038,211,0.3,0.3,0.331717,-0.935464,-3.25404,
1039,212,0.3,0.3,0.328684,-0.935121,-3.25404,
1040,213,0.3,0.3,0.325756,-0.93479,-3.25404,
1041,214,0.3,0.3,0.322828,-0.93446,-3.25404,
1042,215,0.3,0.3,0.3199,-0.934129,-3.25404,
1043,216,0.3,0.3,0.316867,-0.933787,-3.25404,
1044,217,0.3,0.3,0.313939,-0.933456,-3.25404,
1045,218,0.3,0.3,0.31101,-0.933125,-3.25404,
1046,219,0.3,0.3,0.307978,-0.932783,-3.25404,
1047,220,0.3,0.3,0.305049,-0.932452,-3.25404,
1048,221,0.3,0.3,0.302121,-0.932121,-3.25404,
1049,222,0.3,0.3,0.299088,-0.931779,-3.25404,
1050,223,0.3,0.3,0.29616,-0.931448,-3.25404,
1051,224,0.3,0.3,0.293232,-0.931118,-3.25404,
1052,225,0.3,0.3,0.290199,-0.930775,-3.25404,
1053,226,0.3,0.3,0.287271,-0.930444,-3.25404,
1054,227,0.3,0.3,0.284343,-0.930114,-3.25404,
1055,228,0.3,0.3,0.281415,-0.929783,-3.25404,
1056,229,0.3,0.3,0.278382,-0.929441,-3.25404,
1057,230,0.3,0.3,0.275454,-0.92911,-3.25404,
1058,231,0.3,0.3,0.272525,-0.928779,-3.25404,
1059,232,0.3,0.3,0.269493,-0.928437,-3.25404,
1060,233,0.3,0.3,0.266564,-0.928106,-3.25404,
1061,234,0.3,0.3,0.263636,-0.927775,-3.25404,
1062,235,0.3,0.3,0.260603,-0.927433,-3.25404,
1063,236,0.3,0.3,0.257675,-0.927102,-3.25404,
1064,237,0.3,0.3,0.254747,-0.926772,-3.25404,
1065,238,0.3,0.3,0.251767,-0.926434,-3.25445,
1066,239,0.3,0.3,0.248786,-0.926097,-3.25404,
1067,240,0.3,0.3,0.245858,-0.925767,-3.25404,
1068,241,0.3,0.3,0.24293,-0.925436,-3.25404,
1069,242,0.3,0.3,0.239897,-0.925093,-3.25404,
1070,243,0.3,0.3,0.236969,-0.924763,-3.25404,
1071,244,0.3,0.3,0.234041,-0.924432,-3.25404,
1072,245,0.3,0.3,0.231008,-0.92409,-3.25404,
1073,246,0.3,0.3,0.22808,-0.923759,-3.25404,
1074,247,0.3,0.3,0.225151,-0.923428,-3.25404,
1075,248,0.3,0.3,0.222119,-0.923086,-3.25404,
1076,249,0.3,0.3,0.21919,-0.922755,-3.25404,
1077,250,0.3,0.3,0.216262,-0.922424,-3.25404,
1078,251,0.3,0.3,0.213282,-0.922087,-3.25445,
1079,252,0.3,0.3,0.210301,-0.92175,-3.25404,
1080,253,0.3,0.3,0.207373,-0.921419,-3.25404,
1081,254,0.3,0.3,0.204445,-0.921089,-3.25404,
1082,255,0.3,0.3,0.201412,-0.920746,-3.25404,
1083,256,0.3,0.3,0.198484,-0.920416,-3.25404,
1084,257,0.3,0.3,0.195556,-0.920085,-3.25404,
1085,258,0.3,0.3,0.192523,-0.919742,-3.25404,
1086,259,0.3,0.3,0.189595,-0.919412,-3.25404,
1087,260,0.3,0.3,0.186667,-0.919081,-3.25404,
1088,261,0.3,0.3,0.183634,-0.918739,-3.25404,
1089,262,0.3,0.3,0.180706,-0.918408,-3.25404,
1090,263,0.3,0.3,0.177777,-0.918077,-3.25404,
1091,264,0.3,0.3,0.174797,-0.917739,-3.25445,
1092,265,0.3,0.3,0.171817,-0.917403,-3.25404,
1093,266,0.3,0.3,0.168888,-0.917072,-3.25404,
1094,267,0.3,0.3,0.16596,-0.916741,-3.25404,
1095,268,0.3,0.3,0.162927,-0.916399,-3.25404,
1096,269,0.3,0.3,0.159999,-0.916068,-3.25404,
1097,270,0.3,0.3,0.157071,-0.915738,-3.25404,
1098,271,0.3,0.3,0.154038,-0.915395,-3.25404,
1099,272,0.3,0.3,0.15111,-0.915064,-3.25404,
1100,273,0.3,0.3,0.148182,-0.914734,-3.25404,
1101,274,0.3,0.3,0.145149,-0.914391,-3.25404,
1102,275,0.3,0.3,0.142221,-0.914061,-3.25404,
1103,276,0.3,0.3,0.139293,-0.91373,-3.25404,
1104,277,0.3,0.3,0.136364,-0.913399,-3.25404,
1105,278,0.3,0.3,0.133332,-0.913057,-3.25404,
1106,279,0.3,0.3,0.130403,-0.912726,-3.25404,
1107,280,0.3,0.3,0.127475,-0.912395,-3.25404,
1108,281,0.3,0.3,0.124442,-0.912053,-3.25404,
1109,282,0.3,0.3,0.121514,-0.911722,-3.25404,
1110,283,0.3,0.3,0.118586,-0.911392,-3.25404,
1111,284,0.3,0.3,0.115553,-0.911049,-3.25404,
1112,285,0.3,0.3,0.112625,-0.910718,-3.25404,
1113,286,0.3,0.3,0.109697,-0.910388,-3.25404,
1114,287,0.3,0.3,0.106664,-0.910045,-3.25404,
1115,288,0.3,0.3,0.103736,-0.909715,-3.25404,
1116,289,0.3,0.3,0.100808,-0.909384,-3.25404,
1117,290,0.3,0.3,0.0978795,-0.909053,-3.25404,
1118,291,0.3,0.3,0.0948467,-0.908711,-3.25404,
1119,292,0.3,0.3,0.0919185,-0.90838,-3.25404,
1120,293,0.3,0.3,0.0889903,-0.908049,-3.25404,
1121,294,0.3,0.3,0.0859575,-0.907707,-3.25404,
1122,295,0.3,0.3,0.0830293,-0.907376,-3.25404,
1123,296,0.3,0.3,0.0801011,-0.907046,-3.25404,
1124,297,0.3,0.3,0.0770683,-0.906703,-3.25404,
1125,298,0.3,0.3,0.0741401,-0.906372,-3.25404,
1126,299,0.3,0.3,0.0712119,-0.906042,-3.25404,
1127,300,0.3,0.3,0.0681791,-0.905699,-3.25404,
1128,301,0.3,0.3,0.0652509,-0.905369,-3.25404,
1129,302,0.3,0.3,0.0623227,-0.905038,-3.25404,
1130,303,0.3,0.3,0.0593945,-0.904707,-3.25404,
1131,304,0.3,0.3,0.0563618,-0.904365,-3.25404,
1132,305,0.3,0.3,0.0534336,-0.904034,-3.25404,
1133,306,0.3,0.3,0.0505054,-0.903703,-3.25404,
1134,307,0.3,0.3,0.0474726,-0.903361,-3.25404,
1135,308,0.3,0.3,0.0445444,-0.90303,-3.25404,
1136,309,0.3,0.3,0.0416162,-0.9027,-3.25404,
1137,310,0.3,0.3,0.0385834,-0.902357,-3.25404,
1138,311,0.3,0.3,0.0356552,-0.902026,-3.25404,
1139,312,0.3,0.3,0.032727,-0.901696,-3.25404,
1140,313,0.3,0.3,0.0297466,-0.901358,-3.25445,
1141,314,0.3,0.3,0.0267661,-0.901021,-3.25404,
1142,315,0.3,0.3,0.0238379,-0.900691,-3.25404,
1143,316,0.3,0.3,0.0209097,-0.90036,-3.25404,
1144,317,0.3,0.3,0.017877,-0.900018,-3.25404,
1145,318,0.3,0.3,0.0149488,-0.899687,-3.25404,
1146,319,0.3,0.3,0.0120206,-0.899356,-3.25404,
1147,320,0.3,0.3,0.00898777,-0.899014,-3.25404,
1148,321,0.3,0.3,0.00605957,-0.898683,-3.25404,
1149,322,0.3,0.3,0.00313137,-0.898352,-3.25404,
1150,323,0.3,0.3,9.85878e-05,-0.89801,-3.25404,
1151,324,0.3,0.3,-0.00282961,-0.897679,-3.25404,
1152,325,0.3,0.3,-0.00575782,-0.897349,-3.25404,
1153,326,0.3,0.3,-0.00873817,-0.897011,-3.25445,
1154,327,0.3,0.3,-0.0117187,-0.896674,-3.25404,
1155,328,0.3,0.3,-0.0146469,-0.896344,-3.25404,
1156,329,0.3,0.3,-0.0175751,-0.896013,-3.25404,
1157,330,0.3,0.3,-0.0206078,-0.89567,-3.25404,
1158,331,0.3,0.3,-0.023536,-0.89534,-3.25404,
1159,332,0.3,0.3,-0.0264643,-0.895009,-3.25404,
1160,333,0.3,0.3,-0.029497,-0.894667,-3.25404,
1161,334,0.3,0.3,-0.0324252,-0.894336,-3.25404,
1162,335,0.3,0.3,-0.0353534,-0.894005,-3.25404,
1163,336,0.3,0.3,-0.0383862,-0.893663,-3.25404,
1164,337,0.3,0.3,-0.0413144,-0.893332,-3.25404,
1165,338,0.3,0.3,-0.0442426,-0.893001,-3.25404,
1166,339,0,0,-0.0471708,-0.892671,-3.25404,
1167,0,0,0,-0.0502036,-0.892328,-3.25404,
1168,1,0.3,-0.3,-0.0502036,-0.892328,-3.25404,
1169,2,0.3,-0.3,-0.0502036,-0.892328,-3.25404,
1170,3,0.3,-0.3,-0.0502036,-0.892328,-3.27671,
1171,4,0.3,-0.3,-0.0502036,-0.892328,-3.29938,
1172,5,0.3,-0.3,-0.0502554,-0.892319,-3.32245,
1173,6,0.3,-0.3,-0.0502554,-0.892319,-3.34512,
1174,7,0.3,-0.3,-0.0502041,-0.892331,-3.36819,
1175,8,0.3,-0.3,-0.0502551,-0.892318,-3.39126,
1176,9,0.3,-0.3,-0.0502551,-0.892318,-3.41393,
1177,10,0.3,-0.3,-0.0502047,-0.892333,-3.43701,
1178,11,0.3,-0.3,-0.0502547,-0.892316,-3.46008,
1179,12,0.3,-0.3,-0.0502547,-0.892316,-3.48275,
1180,13,0.3,-0.3,-0.0502055,-0.892335,-3.50582,
1181,14,0.3,-0.3,-0.0502055,-0.892335,-3.52849,
1182,15,0.3,-0.3,-0.0502538,-0.892314,-3.55156,
1183,16,0.3,-0.3,-0.050206,-0.892336,-3.57463,
1184,17,0.3,-0.3,-0.050206,-0.892336,-3.5973,
1185,18,0.3,-0.3,-0.0502527,-0.892312,-3.62037,
1186,19,0.3,-0.3,-0.0502527,-0.892312,-3.64304,
1187,20,0.3,-0.3,-0.0502072,-0.892338,-3.66611,
1188,21,0.3,-0.3,-0.0502521,-0.892311,-3.68918,
1189,22,0.3,-0.3,-0.0502521,-0.892311,-3.71185,
1190,23,0.3,-0.3,-0.0502085,-0.89234,-3.73492,
1191,24,0.3,-0.3,-0.0502514,-0.89231,-3.758,
1192,25,0.3,-0.3,-0.0502514,-0.89231,-3.78067,
1193,26,0.3,-0.3,-0.0502099,-0.892342,-3.80374,
1194,27,0.3,-0.3,-0.0502099,-0.892342,-3.82641,
1195,28,0.3,-0.3,-0.0502499,-0.892308,-3.84948,
1196,29,0.3,-0.3,-0.0502107,-0.892343,-3.87255,
1197,30,0.3,-0.3,-0.0502107,-0.892343,-3.89522,
1198,31,0.3,-0.3,-0.0502483,-0.892306,-3.91829,
1199,32,0.3,-0.3,-0.0502483,-0.892306,-3.94096,
1200,33,0.3,-0.3,-0.0502125,-0.892345,-3.96403,
1201,34,0.3,-0.3,-0.0502474,-0.892306,-3.9871,
1202,35,0.3,-0.3,-0.0502474,-0.892306,-4.00977,
1203,36,0.3,-0.3,-0.0502143,-0.892347,-4.03284,
1204,37,0.3,-0.3,-0.0502464,-0.892305,-4.05592,
1205,38,0.3,-0.3,-0.0502464,-0.892305,-4.07858,
1206,39,0.3,-0.3,-0.0502162,-0.892348,-4.10166,
1207,40,0.3,-0.3,-0.0502162,-0.892348,-4.12433,
1208,41,0.3,-0.3,-0.0502444,-0.892303,-4.1474,
1209,42,0.3,-0.3,-0.0502444,-0.892303,-4.17007,
1210,43,0.3,-0.3,-0.0502183,-0.892349,-4.19314,
1211,44,0.3,-0.3,-0.0502433,-0.892303,-4.21621,
1212,45,0.3,-0.3,-0.0502433,-0.892303,-4.23888,
1213,46,0.3,-0.3,-0.0502204,-0.89235,-4.26195,
1214,47,0.3,-0.3,-0.0502422,-0.892302,-4.28502,
1215,48,0.3,-0.3,-0.0502422,-0.892302,-4.30769,
1216,49,0.3,-0.3,-0.0502227,-0.892351,-4.33076,
1217,50,0.3,-0.3,-0.0502411,-0.892302,-4.35384,
1218,51,0.3,-0.3,-0.0502411,-0.892302,-4.3765,
1219,52,0.3,-0.3,-0.0502249,-0.892352,-4.39958,
1220,53,0.3,-0.3,-0.0502249,-0.892352,-4.42224,
1221,54,0.3,-0.3,-0.0502388,-0.892301,-4.44532,
1222,55,0.3,-0.3,-0.0502388,-0.892301,-4.46799,
1223,56,0.3,-0.3,-0.0502273,-0.892353,-4.49106,
1224,57,0.3,-0.3,-0.0502376,-0.892301,-4.51413,
1225,58,0.3,-0.3,-0.0502376,-0.892301,-4.5368,
1226,59,0.3,-0.3,-0.0502296,-0.892353,-4.55987,
1227,60,0.3,-0.3,-0.0502364,-0.892301,-4.58294,
1228,61,0.3,-0.3,-0.0502364,-0.892301,-4.60561,
1229,62,0.3,-0.3,-0.050232,-0.892353,-4.62868,
1230,63,0.3,-0.3,-0.050232,-0.892353,-4.65135,
1231,64,0.3,-0.3,-0.050234,-0.892301,-4.67442,
1232,65,0.3,-0.3,-0.0502332,-0.892353,-4.6975,
1233,66,0.3,-0.3,-0.0502332,-0.892353,-4.72016,
1234,67,0.3,-0.3,-0.0502316,-0.892301,-4.74324,
1235,68,0.3,-0.3,-0.0502316,-0.892301,-4.7659,
1236,69,0.3,-0.3,-0.0502356,-0.892353,-4.78898,
1237,70,0.3,-0.3,-0.0502304,-0.892301,-4.81205,
1238,71,0.3,-0.3,-0.0502304,-0.892301,-4.83472,
1239,72,0,0,-0.050238,-0.892353,-4.85779,
1240,0,0,0,-0.0502292,-0.892301,-4.88086,
1241,1,0.3,0.3,-0.0502292,-0.892301,-4.88086,
1242,2,0.3,0.3,-0.0502292,-0.892301,-4.88086,
1243,3,0.3,0.3,-0.0497428,-0.889448,-4.88127,
1244,4,0.3,0.3,-0.0492398,-0.886491,-4.88086,
1245,5,0.3,0.3,-0.0487457,-0.883586,-4.88086,
1246,6,0.3,0.3,-0.0482416,-0.880629,-4.88127,
1247,7,0.3,0.3,-0.0477386,-0.877672,-4.88086,
1248,8,0.3,0.3,-0.0472445,-0.874767,-4.88086,
1249,9,0.3,0.3,-0.0467404,-0.87181,-4.88127,
1250,10,0.3,0.3,-0.0462451,-0.868905,-4.88127,
1251,11,0.3,0.3,-0.0457421,-0.865948,-4.88086,
1252,12,0.3,0.3,-0.045238,-0.862992,-4.88127,
1253,13,0.3,0.3,-0.0447427,-0.860087,-4.88127,
1254,14,0.3,0.3,-0.0442398,-0.85713,-4.88086,
1255,15,0.3,0.3,-0.0437356,-0.854173,-4.88127,
1256,16,0.3,0.3,-0.0432403,-0.851268,-4.88127,
1257,17,0.3,0.3,-0.0427374,-0.848311,-4.88086,
1258,18,0.3,0.3,-0.0422433,-0.845406,-4.88086,
1259,19,0.3,0.3,-0.0417392,-0.842449,-4.88127,
1260,20,0.3,0.3,-0.0412362,-0.839492,-4.88086,
1261,21,0.3,0.3,-0.0407421,-0.836587,-4.88086,
1262,22,0.3,0.3,-0.040238,-0.833631,-4.88127,
1263,23,0.3,0.3,-0.0397427,-0.830726,-4.88127,
1264,24,0.3,0.3,-0.0392397,-0.827769,-4.88086,
1265,25,0.3,0.3,-0.0387356,-0.824812,-4.88127,
1266,26,0.3,0.3,-0.0382403,-0.821907,-4.88127,
1267,27,0.3,0.3,-0.0377374,-0.81895,-4.88086,
1268,28,0.3,0.3,-0.0372332,-0.815993,-4.88127,
1269,29,0.3,0.3,-0.0367379,-0.813088,-4.88127,
1270,30,0.3,0.3,-0.036235,-0.810131,-4.88086,
1271,31,0.3,0.3,-0.0357409,-0.807226,-4.88086,
1272,32,0.3,0.3,-0.0352367,-0.80427,-4.88127,
1273,33,0.3,0.3,-0.0347338,-0.801313,-4.88086,
1274,34,0.3,0.3,-0.0342397,-0.798408,-4.88086,
1275,35,0.3,0.3,-0.0337355,-0.795451,-4.88127,
1276,36,0.3,0.3,-0.0332403,-0.792546,-4.88127,
1277,37,0.3,0.3,-0.0327373,-0.789589,-4.88086,
1278,38,0.3,0.3,-0.0322332,-0.786632,-4.88127,
1279,39,0.3,0.3,-0.0317379,-0.783727,-4.88127,
1280,40,0.3,0.3,-0.0312349,-0.78077,-4.88086,
1281,41,0.3,0.3,-0.0307308,-0.777813,-4.88127,
1282,42,0.3,0.3,-0.0302355,-0.774909,-4.88127,
1283,43,0.3,0.3,-0.0297326,-0.771952,-4.88086,
1284,44,0.3,0.3,-0.0292385,-0.769047,-4.88086,
1285,45,0.3,0.3,-0.0287343,-0.76609,-4.88127,
1286,46,0.3,0.3,-0.028239,-0.763185,-4.88127,
1287,47,0.3,0.3,-0.0277361,-0.760228,-4.88086,
1288,48,0.3,0.3,-0.027232,-0.757271,-4.88127,
1289,49,0.3,0.3,-0.0267367,-0.754366,-4.88127,
1290,50,0.3,0.3,-0.0262337,-0.751409,-4.88086,
1291,51,0.3,0.3,-0.0257296,-0.748453,-4.88127,
1292,52,0.3,0.3,-0.0252343,-0.745548,-4.88127,
1293,53,0.3,0.3,-0.0247314,-0.742591,-4.88086,
1294,54,0.3,0.3,-0.0242272,-0.739634,-4.88127,
1295,55,0.3,0.3,-0.0237319,-0.736729,-4.88127,
1296,56,0.3,0.3,-0.023229,-0.733772,-4.88086,
1297,57,0.3,0.3,-0.0227349,-0.730867,-4.88086,
1298,58,0.3,0.3,-0.0222307,-0.72791,-4.88127,
1299,59,0.3,0.3,-0.0217354,-0.725005,-4.88127,
1300,60,0.3,0.3,-0.0212325,-0.722048,-4.88086,
1301,61,0.3,0.3,-0.0207284,-0.719092,-4.88127,
1302,62,0.3,0.3,-0.0202331,-0.716187,-4.88127,
1303,63,0.3,0.3,-0.0197301,-0.71323,-4.88086,
1304,64,0.3,0.3,-0.019226,-0.710273,-4.88127,
1305,65,0.3,0.3,-0.0187307,-0.707368,-4.88127,
1306,66,0.3,0.3,-0.0182278,-0.704411,-4.88086,
1307,67,0.3,0.3,-0.0177337,-0.701506,-4.88086,
1308,68,0.3,0.3,-0.0172295,-0.698549,-4.88127,
1309,69,0.3,0.3,-0.0167266,-0.695592,-4.88086,
1310,70,0.3,0.3,-0.0162325,-0.692687,-4.88086,
1311,71,0.3,0.3,-0.0157283,-0.68973,-4.88127,
1312,72,0.3,0.3,-0.015233,-0.686825,-4.88127,
1313,73,0.3,0.3,-0.0147301,-0.683869,-4.88086,
1314,74,0.3,0.3,-0.014226,-0.680912,-4.88127,
1315,75,0.3,0.3,-0.0137307,-0.678007,-4.88127,
1316,76,0.3,0.3,-0.0132277,-0.67505,-4.88086,
1317,77,0.3,0.3,-0.0127236,-0.672093,-4.88127,
1318,78,0.3,0.3,-0.0122283,-0.669188,-4.88127,
1319,79,0.3,0.3,-0.0117254,-0.666231,-4.88086,
1320,80,0.3,0.3,-0.0112312,-0.663326,-4.88086,
1321,81,0.3,0.3,-0.0107271,-0.660369,-4.88127,
1322,82,0.3,0.3,-0.0102242,-0.657412,-4.88086,
1323,83,0.3,0.3,-0.00973005,-0.654507,-4.88086,
1324,84,0.3,0.3,-0.00922591,-0.651551,-4.88127,
1325,85,0.3,0.3,-0.00873062,-0.648646,-4.88127,
1326,86,0.3,0.3,-0.00822768,-0.645689,-4.88086,
1327,87,0.3,0.3,-0.00772354,-0.642732,-4.88127,
1328,88,0.3,0.3,-0.00722825,-0.639827,-4.88127,
1329,89,0.3,0.3,-0.00672531,-0.63687,-4.88086,
1330,90,0.3,0.3,-0.00622117,-0.633913,-4.88127,
1331,91,0.3,0.3,-0.00572588,-0.631008,-4.88127,
1332,92,0.3,0.3,-0.00522294,-0.628051,-4.88086,
1333,93,0.3,0.3,-0.00472882,-0.625146,-4.88086,
1334,94,0.3,0.3,-0.00422469,-0.62219,-4.88127,
1335,95,0.3,0.3,-0.00372175,-0.619233,-4.88086,
1336,96,0.3,0.3,-0.00322763,-0.616328,-4.88086,
1337,97,0.3,0.3,-0.0027235,-0.613371,-4.88127,
1338,98,0.3,0.3,-0.0022282,-0.610466,-4.88127,
1339,99,0.3,0.3,-0.00172526,-0.607509,-4.88086,
1340,100,0.3,0.3,-0.00122113,-0.604552,-4.88127,
1341,101,0.3,0.3,-0.000725836,-0.601647,-4.88127,
1342,102,0.3,0.3,-0.000222896,-0.59869,-4.88086,
1343,103,0.3,0.3,0.00028124,-0.595734,-4.88127,
1344,104,0.3,0.3,0.000776532,-0.592829,-4.88127,
1345,105,0.3,0.3,0.00127947,-0.589872,-4.88086,
1346,106,0.3,0.3,0.00177359,-0.586967,-4.88086,
1347,107,0.3,0.3,0.00227772,-0.58401,-4.88127,
1348,108,0.3,0.3,0.00277302,-0.581105,-4.88127,
1349,109,0.3,0.3,0.00327596,-0.578148,-4.88086,
1350,110,0.3,0.3,0.00378009,-0.575191,-4.88127,
1351,111,0.3,0.3,0.00427539,-0.572286,-4.88127,
1352,112,0.3,0.3,0.00477832,-0.569329,-4.88086,
1353,113,0.3,0.3,0.00528246,-0.566373,-4.88127,
1354,114,0.3,0.3,0.00577775,-0.563468,-4.88127,
1355,115,0.3,0.3,0.00628069,-0.560511,-4.88086,
1356,116,0.3,0.3,0.00678483,-0.557554,-4.88127,
1357,117,0.3,0.3,0.00728012,-0.554649,-4.88127,
1358,118,0.3,0.3,0.00778306,-0.551692,-4.88086,
1359,119,0.3,0.3,0.00827718,-0.548787,-4.88086,
1360,120,0.3,0.3,0.00878131,-0.54583,-4.88127,
1361,121,0.3,0.3,0.00927661,-0.542925,-4.88127,
1362,122,0.3,0.3,0.00977955,-0.539968,-4.88086,
1363,123,0.3,0.3,0.0102837,-0.537012,-4.88127,
1364,124,0.3,0.3,0.010779,-0.534107,-4.88127,
1365,125,0.3,0.3,0.0112819,-0.53115,-4.88086,
1366,126,0.3,0.3,0.0117861,-0.528193,-4.88127,
1367,127,0.3,0.3,0.0122813,-0.525288,-4.88127,
1368,128,0.3,0.3,0.0127843,-0.522331,-4.88086,
1369,129,0.3,0.3,0.0132784,-0.519426,-4.88086,
1370,130,0.3,0.3,0.0137825,-0.516469,-4.88127,
1371,131,0.3,0.3,0.0142855,-0.513512,-4.88086,
1372,132,0.3,0.3,0.0147796,-0.510607,-4.88086,
1373,133,0.3,0.3,0.0152837,-0.50765,-4.88127,
1374,134,0.3,0.3,0.015779,-0.504746,-4.88127,
1375,135,0.3,0.3,0.016282,-0.501789,-4.88086,
1376,136,0.3,0.3,0.0167861,-0.498832,-4.88127,
1377,137,0.3,0.3,0.0172814,-0.495927,-4.88127,
1378,138,0.3,0.3,0.0177843,-0.49297,-4.88086,
1379,139,0.3,0.3,0.0182885,-0.490013,-4.88127,
1380,140,0.3,0.3,0.0187838,-0.487108,-4.88127,
1381,141,0.3,0.3,0.0192867,-0.484151,-4.88086,
1382,142,0.3,0.3,0.0197808,-0.481246,-4.88086,
1383,143,0.3,0.3,0.0202849,-0.478289,-4.88127,
1384,144,0.3,0.3,0.0207879,-0.475332,-4.88086,
1385,145,0.3,0.3,0.021282,-0.472427,-4.88086,
1386,146,0.3,0.3,0.0217861,-0.469471,-4.88127,
1387,147,0.3,0.3,0.0222814,-0.466566,-4.88127,
1388,148,0.3,0.3,0.0227844,-0.463609,-4.88086,
1389,149,0.3,0.3,0.0232885,-0.460652,-4.88127,
1390,150,0.3,0.3,0.0237838,-0.457747,-4.88127,
1391,151,0.3,0.3,0.0242867,-0.45479,-4.88086,
1392,152,0.3,0.3,0.0247909,-0.451833,-4.88127,
1393,153,0.3,0.3,0.0252862,-0.448928,-4.88127,
1394,154,0.3,0.3,0.0257891,-0.445972,-4.88086,
1395,155,0.3,0.3,0.0262832,-0.443066,-4.88086,
1396,156,0.3,0.3,0.0267874,-0.44011,-4.88127,
1397,157,0.3,0.3,0.0272903,-0.437153,-4.88086,
1398,158,0.3,0.3,0.0277844,-0.434248,-4.88086,
1399,159,0.3,0.3,0.0282886,-0.431291,-4.88127,
1400,160,0.3,0.3,0.0287838,-0.428386,-4.88127,
1401,161,0.3,0.3,0.0292868,-0.425429,-4.88086,
1402,162,0.3,0.3,0.0297909,-0.422472,-4.88127,
1403,163,0.3,0.3,0.0302862,-0.419567,-4.88127,
1404,164,0.3,0.3,0.0307892,-0.41661,-4.88086,
1405,165,0.3,0.3,0.0312933,-0.413654,-4.88127,
1406,166,0.3,0.3,0.0317886,-0.410749,-4.88127,
1407,167,0.3,0.3,0.0322915,-0.407792,-4.88086,
1408,168,0.3,0.3,0.0327856,-0.404887,-4.88086,
1409,169,0.3,0.3,0.0332898,-0.40193,-4.88127,
1410,170,0.3,0.3,0.0337851,-0.399025,-4.88127,
1411,171,0.3,0.3,0.034288,-0.396068,-4.88086,
1412,172,0.3,0.3,0.0347921,-0.393111,-4.88127,
1413,173,0.3,0.3,0.0352874,-0.390206,-4.88127,
1414,174,0.3,0.3,0.0357904,-0.387249,-4.88086,
1415,175,0.3,0.3,0.0362945,-0.384293,-4.88127,
1416,176,0.3,0.3,0.0367898,-0.381388,-4.88127,
1417,177,0.3,0.3,0.0372927,-0.378431,-4.88086,
1418,178,0.3,0.3,0.0377969,-0.375474,-4.88127,
1419,179,0.3,0.3,0.0382922,-0.372569,-4.88127,
1420,180,0.3,0.3,0.0387951,-0.369612,-4.88086,
1421,181,0.3,0.3,0.0392892,-0.366707,-4.88086,
1422,182,0.3,0.3,0.0397934,-0.36375,-4.88127,
1423,183,0.3,0.3,0.0402887,-0.360845,-4.88127,
1424,184,0.3,0.3,0.0407916,-0.357888,-4.88086,
1425,185,0.3,0.3,0.0412957,-0.354932,-4.88127,
1426,186,0.3,0.3,0.041791,-0.352027,-4.88127,
1427,187,0.3,0.3,0.042294,-0.34907,-4.88086,
1428,188,0.3,0.3,0.0427981,-0.346113,-4.88127,
1429,189,0.3,0.3,0.0432934,-0.343208,-4.88127,
1430,190,0.3,0.3,0.0437963,-0.340251,-4.88086,
1431,191,0.3,0.3,0.0442904,-0.337346,-4.88086,
1432,192,0.3,0.3,0.0447946,-0.334389,-4.88127,
1433,193,0.3,0.3,0.0452975,-0.331432,-4.88086,
1434,194,0.3,0.3,0.0457916,-0.328527,-4.88086,
1435,195,0.3,0.3,0.0462958,-0.32557,-4.88127,
1436,196,0.3,0.3,0.0467911,-0.322666,-4.88127,
1437,197,0.3,0.3,0.047294,-0.319709,-4.88086,
1438,198,0.3,0.3,0.0477981,-0.316752,-4.88127,
1439,199,0.3,0.3,0.0482934,-0.313847,-4.88127,
1440,200,0.3,0.3,0.0487964,-0.31089,-4.88086,
1441,201,0.3,0.3,0.0493005,-0.307933,-4.88127,
1442,202,0.3,0.3,0.0497958,-0.305028,-4.88127,
1443,203,0.3,0.3,0.0502987,-0.302071,-4.88086,
1444,204,0.3,0.3,0.0507929,-0.299166,-4.88086,
1445,205,0.3,0.3,0.051297,-0.296209,-4.88127,
1446,206,0.3,0.3,0.0517999,-0.293253,-4.88086,
1447,207,0.3,0.3,0.0522941,-0.290347,-4.88086,
1448,208,0.3,0.3,0.0527982,-0.287391,-4.88127,
1449,209,0.3,0.3,0.0532935,-0.284486,-4.88127,
1450,210,0.3,0.3,0.0537964,-0.281529,-4.88086,
1451,211,0.3,0.3,0.0543006,-0.278572,-4.88127,
1452,212,0.3,0.3,0.0547959,-0.275667,-4.88127,
1453,213,0.3,0.3,0.0552988,-0.27271,-4.88086,
1454,214,0.3,0.3,0.0558029,-0.269753,-4.88127,
1455,215,0.3,0.3,0.0562982,-0.266849,-4.88127,
1456,216,0.3,0.3,0.0568012,-0.263892,-4.88086,
1457,217,0.3,0.3,0.0572953,-0.260986,-4.88086,
1458,218,0.3,0.3,0.0577994,-0.25803,-4.88127,
1459,219,0.3,0.3,0.0583024,-0.255073,-4.88086,
1460,220,0.3,0.3,0.0587965,-0.252168,-4.88086,
1461,221,0.3,0.3,0.0593006,-0.249211,-4.88127,
1462,222,0.3,0.3,0.0597959,-0.246306,-4.88127,
1463,223,0.3,0.3,0.0602988,-0.243349,-4.88086,
1464,224,0.3,0.3,0.060803,-0.240392,-4.88127,
1465,225,0.3,0.3,0.0612983,-0.237487,-4.88127,
1466,226,0.3,0.3,0.0618012,-0.23453,-4.88086,
1467,227,0.3,0.3,0.0623053,-0.231574,-4.88127,
1468,228,0.3,0.3,0.0628006,-0.228669,-4.88127,
1469,229,0.3,0.3,0.0633036,-0.225712,-4.88086,
1470,230,0.3,0.3,0.0637977,-0.222807,-4.88086,
1471,231,0.3,0.3,0.0643018,-0.21985,-4.88127,
1472,232,0.3,0.3,0.0647971,-0.216945,-4.88127,
1473,233,0.3,0.3,0.0653001,-0.213988,-4.88086,
1474,234,0.3,0.3,0.0658042,-0.211031,-4.88127,
1475,235,0.3,0.3,0.0662995,-0.208126,-4.88127,
1476,236,0.3,0.3,0.0668024,-0.205169,-4.88086,
1477,237,0.3,0.3,0.0673066,-0.202213,-4.88127,
1478,238,0.3,0.3,0.0678019,-0.199308,-4.88127,
1479,239,0.3,0.3,0.0683048,-0.196351,-4.88086,
1480,240,0.3,0.3,0.0688089,-0.193394,-4.88127,
1481,241,0.3,0.3,0.0693042,-0.190489,-4.88127,
1482,242,0.3,0.3,0.0698072,-0.187532,-4.88086,
1483,243,0.3,0.3,0.0703013,-0.184627,-4.88086,
1484,244,0.3,0.3,0.0708054,-0.18167,-4.88127,
1485,245,0.3,0.3,0.0713007,-0.178765,-4.88127,
1486,246,0.3,0.3,0.0718036,-0.175808,-4.88086,
1487,247,0.3,0.3,0.0723078,-0.172852,-4.88127,
1488,248,0.3,0.3,0.0728031,-0.169947,-4.88127,
1489,249,0.3,0.3,0.073306,-0.16699,-4.88086,
1490,250,0.3,0.3,0.0738101,-0.164033,-4.88127,
1491,251,0.3,0.3,0.0743054,-0.161128,-4.88127,
1492,252,0.3,0.3,0.0748084,-0.158171,-4.88086,
1493,253,0.3,0.3,0.0753025,-0.155266,-4.88086,
1494,254,0.3,0.3,0.0758066,-0.152309,-4.88127,
1495,255,0.3,0.3,0.0763096,-0.149352,-4.88086,
1496,256,0.3,0.3,0.0768037,-0.146447,-4.88086,
1497,257,0.3,0.3,0.0773078,-0.14349,-4.88127,
1498,258,0.3,0.3,0.0778031,-0.140586,-4.88127,
1499,259,0.3,0.3,0.0783061,-0.137629,-4.88086,
1500,260,0.3,0.3,0.0788102,-0.134672,-4.88127,
1501,261,0.3,0.3,0.0793055,-0.131767,-4.88127,
1502,262,0.3,0.3,0.0798084,-0.12881,-4.88086,
1503,263,0.3,0.3,0.0803126,-0.125853,-4.88127,
1504,264,0.3,0.3,0.0808079,-0.122948,-4.88127,
1505,265,0.3,0.3,0.0813108,-0.119991,-4.88086,
1506,266,0.3,0.3,0.0818049,-0.117086,-4.88086,
1507,267,0.3,0.3,0.082309,-0.11413,-4.88127,
1508,268,0.3,0.3,0.082812,-0.111173,-4.88086,
1509,269,0.3,0.3,0.0833061,-0.108267,-4.88086,
1510,270,0.3,0.3,0.0838102,-0.105311,-4.88127,
1511,271,0.3,0.3,0.0843055,-0.102406,-4.88127,
1512,272,0.3,0.3,0.0848085,-0.0994488,-4.88086,
1513,273,0.3,0.3,0.0853126,-0.0964921,-4.88127,
1514,274,0.3,0.3,0.0858079,-0.0935872,-4.88127,
1515,275,0.3,0.3,0.0863108,-0.0906302,-4.88086,
1516,276,0.3,0.3,0.086815,-0.0876734,-4.88127,
1517,277,0.3,0.3,0.0873103,-0.0847686,-4.88127,
1518,278,0.3,0.3,0.0878132,-0.0818116,-4.88086,
1519,279,0.3,0.3,0.0883073,-0.0789065,-4.88086,
1520,280,0.3,0.3,0.0888115,-0.0759497,-4.88127,
1521,281,0.3,0.3,0.0893144,-0.0729928,-4.88086,
1522,282,0.3,0.3,0.0898085,-0.0700877,-4.88086,
1523,283,0.3,0.3,0.0903127,-0.0671309,-4.88127,
1524,284,0.3,0.3,0.0908079,-0.064226,-4.88127,
1525,285,0.3,0.3,0.0913109,-0.061269,-4.88086,
1526,286,0.3,0.3,0.091815,-0.0583123,-4.88127,
1527,287,0.3,0.3,0.0923103,-0.0554074,-4.88127,
1528,288,0.3,0.3,0.0928133,-0.0524504,-4.88086,
1529,289,0.3,0.3,0.0933174,-0.0494936,-4.88127,
1530,290,0.3,0.3,0.0938127,-0.0465888,-4.88127,
1531,291,0.3,0.3,0.0943156,-0.0436318,-4.88086,
1532,292,0.3,0.3,0.0948097,-0.0407267,-4.88086,
1533,293,0.3,0.3,0.0953139,-0.0377699,-4.88127,
1534,294,0.3,0.3,0.0958092,-0.034865,-4.88127,
1535,295,0.3,0.3,0.0963121,-0.0319081,-4.88086,
1536,296,0.3,0.3,0.0968162,-0.0289513,-4.88127,
1537,297,0.3,0.3,0.0973115,-0.0260464,-4.88127,
1538,298,0.3,0.3,0.0978145,-0.0230894,-4.88086,
1539,299,0.3,0.3,0.0983186,-0.0201327,-4.88127,
1540,300,0.3,0.3,0.0988139,-0.0172278,-4.88127,
1541,301,0.3,0.3,0.0993168,-0.0142708,-4.88086,
1542,302,0.3,0.3,0.099821,-0.0113141,-4.88127,
1543,303,0.3,0.3,0.100316,-0.00840916,-4.88127,
1544,304,0.3,0.3,0.100819,-0.00545219,-4.88086,
1545,305,0.3,0.3,0.101313,-0.0025471,-4.88086,
1546,306,0.3,0.3,0.101817,0.000409668,-4.88127,
1547,307,0.3,0.3,0.102313,0.00331456,-4.88127,
1548,308,0.3,0.3,0.102816,0.00627153,-4.88086,
1549,309,0.3,0.3,0.10332,0.00922829,-4.88127,
1550,310,0.3,0.3,0.103815,0.0121332,-4.88127,
1551,311,0.3,0.3,0.104318,0.0150902,-4.88086,
1552,312,0.3,0.3,0.104822,0.0180469,-4.88127,
1553,313,0.3,0.3,0.105317,0.0209518,-4.88127,
1554,314,0.3,0.3,0.10582,0.0239088,-4.88086,
1555,315,0.3,0.3,0.106315,0.0268139,-4.88086,
1556,316,0.3,0.3,0.106819,0.0297706,-4.88127,
1557,317,0.3,0.3,0.107322,0.0327276,-4.88086,
1558,318,0.3,0.3,0.107816,0.0356327,-4.88086,
1559,319,0.3,0.3,0.10832,0.0385895,-4.88127,
1560,320,0.3,0.3,0.108815,0.0414944,-4.88127,
1561,321,0.3,0.3,0.109318,0.0444513,-4.88086,
1562,322,0.3,0.3,0.109822,0.0474081,-4.88127,
1563,323,0.3,0.3,0.110318,0.050313,-4.88127,
1564,324,0.3,0.3,0.11082,0.05327,-4.88086,
1565,325,0.3,0.3,0.111325,0.0562267,-4.88127,
1566,326,0.3,0.3,0.11182,0.0591316,-4.88127,
1567,327,0.3,0.3,0.112323,0.0620886,-4.88086,
1568,328,0.3,0.3,0.112817,0.0649937,-4.88086,
1569,329,0.3,0.3,0.113321,0.0679504,-4.88127,
1570,330,0.3,0.3,0.113824,0.0709074,-4.88086,
1571,331,0.3,0.3,0.114318,0.0738125,-4.88086,
1572,332,0.3,0.3,0.114822,0.0767693,-4.88127,
1573,333,0.3,0.3,0.115318,0.0796742,-4.88127,
1574,334,0.3,0.3,0.115821,0.0826311,-4.88086,
1575,335,0.3,0.3,0.116325,0.0855879,-4.88127,
1576,336,0.3,0.3,0.11682,0.0884928,-4.88127,
1577,337,0.3,0.3,0.117323,0.0914498,-4.88086,
1578,338,0.3,0.3,0.117827,0.0944065,-4.88127,
1579,339,0,0,0.118322,0.0973114,-4.88127,
1580,0,0,0,0.118825,0.100268,-4.88086,
1581,1,0.3,-0.3,0.118825,0.100268,-4.88086,
1582,2,0.3,-0.3,0.118825,0.100268,-4.88086,
1583,3,0.3,-0.3,0.118825,0.100268,-4.90353,
1584,4,0.3,-0.3,0.118836,0.10032,-4.9266,
1585,5,0.3,-0.3,0.118836,0.10032,-4.94927,
1586,6,0.3,-0.3,0.118823,0.100269,-4.97234,
1587,7,0.3,-0.3,0.118838,0.100319,-4.99542,
1588,8,0.3,-0.3,0.118838,0.100319,-5.01808,
1589,9,0.3,-0.3,0.118821,0.10027,-5.04116,
1590,10,0.3,-0.3,0.118839,0.100319,-5.06423,
1591,11,0.3,-0.3,0.118839,0.100319,-5.0869,
1592,12,0.3,-0.3,0.118839,0.100319,-5.10956,
1593,13,0.3,-0.3,0.118839,0.100319,-5.13304,
1594,14,0.3,-0.3,0.118839,0.100319,-5.15571,
1595,15,0.3,-0.3,0.118839,0.100319,-5.17838,
1596,16,0.3,-0.3,0.118814,0.100273,-5.20145,
1597,17,0.3,-0.3,0.11884,0.100318,-5.22452,
1598,18,0.3,-0.3,0.11884,0.100318,-5.24719,
1599,19,0.3,-0.3,0.118812,0.100274,-5.27026,
1600,20,0.3,-0.3,0.118841,0.100318,-5.29334,
1601,21,0.3,-0.3,0.118841,0.100318,-5.316,
1602,22,0.3,-0.3,0.11881,0.100275,-5.33908,
1603,23,0.3,-0.3,0.118842,0.100317,-5.36215,
1604,24,0.3,-0.3,0.118842,0.100317,-5.38482,
1605,25,0.3,-0.3,0.118842,0.100317,-5.40748,
1606,26,0.3,-0.3,0.118842,0.100317,-5.43096,
1607,27,0.3,-0.3,0.118842,0.100317,-5.45363,
1608,28,0.3,-0.3,0.118842,0.100317,-5.4763,
1609,29,0.3,-0.3,0.118805,0.10028,-5.49937,
1610,30,0.3,-0.3,0.118843,0.100316,-5.52244,
1611,31,0.3,-0.3,0.118843,0.100316,-5.54511,
1612,32,0.3,-0.3,0.118803,0.100282,-5.56818,
1613,33,0.3,-0.3,0.118843,0.100315,-5.59126,
1614,34,0.3,-0.3,0.118843,0.100315,-5.61392,
1615,35,0.3,-0.3,0.118801,0.100284,-5.637,
1616,36,0.3,-0.3,0.118844,0.100314,-5.66007,
1617,37,0.3,-0.3,0.118844,0.100314,-5.68274,
1618,38,0.3,-0.3,0.118844,0.100314,-5.7054,
1619,39,0.3,-0.3,0.118799,0.100287,-5.72848,
1620,40,0.3,-0.3,0.118845,0.100313,-5.75155,
1621,41,0.3,-0.3,0.118845,0.100313,-5.77422,
1622,42,0.3,-0.3,0.118798,0.100289,-5.79729,
1623,43,0.3,-0.3,0.118845,0.100312,-5.82036,
1624,44,0.3,-0.3,0.118845,0.100312,-5.84303,
1625,45,0.3,-0.3,0.118797,0.100291,-5.8661,
1626,46,0.3,-0.3,0.118846,0.100311,-5.88918,
1627,47,0.3,-0.3,0.118846,0.100311,-5.91184,
1628,48,0.3,-0.3,0.118796,0.100293,-5.93492,
1629,49,0.3,-0.3,0.118846,0.10031,-5.95799,
1630,50,0.3,-0.3,0.118846,0.10031,-5.98066,
1631,51,0.3,-0.3,0.118846,0.10031,-6.00332,
1632,52,0.3,-0.3,0.118795,0.100297,-6.0264,
1633,53,0.3,-0.3,0.118847,0.100309,-6.04947,
1634,54,0.3,-0.3,0.118847,0.100309,-6.07214,
1635,55,0.3,-0.3,0.118795,0.100299,-6.09521,
1636,56,0.3,-0.3,0.118847,0.100308,-6.11828,
1637,57,0.3,-0.3,0.118847,0.100308,-6.14095,
1638,58,0.3,-0.3,0.118794,0.100301,-6.16402,
1639,59,0.3,-0.3,0.118847,0.100306,-6.18709,
1640,60,0.3,-0.3,0.118847,0.100306,-6.20976,
1641,61,0.3,-0.3,0.118847,0.100306,-6.23243,
1642,62,0.3,-0.3,0.118847,0.100306,-6.25591,
1643,63,0.3,-0.3,0.118847,0.100306,-6.27858,
1644,64,0.3,-0.3,0.118847,0.100306,-6.30124,
1645,65,0.3,-0.3,0.118794,0.100309,-6.32432,
1646,66,0.3,-0.3,0.118847,0.100305,-6.34739,
1647,67,0.3,-0.3,0.118847,0.100305,-6.37006,
1648,68,0.3,-0.3,0.118795,0.100311,-6.39313,
1649,69,0.3,-0.3,0.118847,0.100304,-6.4162,
1650,70,0.3,-0.3,0.118847,0.100304,-6.43887,
1651,71,0.3,-0.3,0.118795,0.100313,-6.46194,
1652,72,0,0,0.118846,0.100303,-6.48501,
1653,0,0,0,0.118846,0.100303,-6.50768,
