connected to robot 
port 24920 host 127.0.0.1 
Not connected to cameraserver  0 
 camera server xml initialized 
port 24919 host 127.0.0.1 
Not connected to laserserver  0 
position: 0.000000, 0.000000
0.000250
0.000317
0.000322
0.000317
0.000317
0.000362
0.000300
0.000379
0.000374
0.000266
0.000289
0.000363
0.000311
0.000322
0.000277
0.000317
0.000266
0.000340
0.000300
0.000283
0.000396
0.000403
0.000328
0.000311
0.000368
0.000316
0.000346
0.000442
0.000373
0.000345
0.000277
0.000305
0.000333
0.000311
0.000260
0.000294
0.000237
0.000243
0.000379
0.000283
0.000373
0.000430
0.000367
0.000397
0.000339
0.000595
0.000379
0.000317
0.000361
0.000301
0.000396
0.000289
0.000334
0.000232
0.000305
0.000379
0.000402
0.000289
0.000362
0.000409
0.000328
0.000368
0.000385
0.000425
0.000425
0.000493
0.000396
0.000289
0.000363
0.000402
0.000328
0.000351
0.000431
0.000391
0.000442
0.000419
0.000448
0.000470
0.000413
0.000408
0.000442
0.000397
0.000425
0.000460
0.000182
0.000425
0.000351
0.000414
0.000374
0.000306
0.000385
0.000419
0.000306
0.000363
0.000425
0.000424
0.000425
0.000482
0.000431
0.000602
0.000244
0.000459
0.000465
0.000370
0.000452
0.000437
0.000385
0.000374
0.000442
0.000419
0.000492
0.000453
0.000408
0.000442
0.000402
0.000539
0.000487
0.000419
0.000430
0.000505
0.000547
0.000425
0.000458
0.000459
0.000465
0.000419
0.000385
0.000346
0.000436
0.000474
0.000379
0.000339
0.000362
0.000312
0.000310
0.000289
0.000345
0.000316
0.000232
0.000254
0.000446
0.000282
0.000254
0.000130
0.000197
0.000175
0.000124
0.000124
0.000152
0.000090
0.000096
-0.000006
0.000023
0.000112
-0.000017
0.000050
-0.000051
-0.000107
-0.000050
-0.000073
-0.000006
-0.000107
-0.000062
-0.000173
-0.000174
0.000039
-0.000107
-0.000073
-0.000129
-0.000078
0.000011
-0.000112
-0.000006
0.000022
0.000073
0.000056
0.000101
0.000123
0.000140
0.000163
0.000219
0.000174
0.000186
0.000203
0.000214
0.000346
0.000338
0.000361
0.000288
0.000338
0.000311
0.000424
0.000424
0.000580
0.000532
0.000492
0.000441
0.000436
0.000430
0.000379
0.000487
0.000515
0.000533
0.000504
0.000430
0.000448
0.000499
0.000488
0.000487
0.000476
0.000459
0.000521
0.000533
0.000544
0.000543
0.000472
0.000539
0.000498
0.000455
0.000527
0.000499
0.000689
0.000523
0.000425
0.000721
0.000522
0.000568
0.000487
0.000454
0.000570
0.000499
0.000499
0.000567
0.000556
0.000689
0.000507
0.000489
0.000567
0.000500
0.000471
0.000460
0.000523
0.000482
0.000448
0.000477
0.000443
0.000510
0.000454
0.000448
0.000499
0.000415
0.000397
0.000477
0.000499
0.000494
0.000489
0.000551
0.000544
0.000471
0.000442
0.000437
0.000467
0.000493
0.000505
0.000487
0.000466
0.000409
0.000499
0.000505
0.000306
0.000404
0.000368
0.000465
0.000347
0.000442
0.000403
0.000419
0.000357
0.000453
0.000453
0.000413
0.000390
0.000458
0.000397
0.000419
0.000447
0.000431
0.000430
0.000483
0.000419
0.000442
0.000397
0.000409
0.000431
0.000351
0.000487
0.000499
0.000482
0.000482
0.000487
0.000413
0.000453
0.000447
0.000379
0.000487
0.000522
0.000539
0.000472
0.000504
0.000515
0.000550
0.000539
0.000504
0.000476
0.000504
0.000488
0.000505
0.000476
0.000482
0.000579
0.000465
0.000501
0.000521
0.000539
0.000437
0.000442
0.000487
0.000579
0.000482
0.000471
0.000495
0.000511
0.000527
0.000454
0.000504
0.000465
0.000494
0.000443
0.000437
0.000465
0.000504
0.000431
0.000522
0.000465
0.000431
0.000443
0.000504
0.000465
0.000385
0.000527
0.000420
0.000476
0.000465
0.000515
0.000539
0.000487
0.000391
0.000453
0.000475
0.000442
0.000424
0.000413
0.000396
0.000375
0.000390
0.000374
0.000482
0.000419
0.000430
0.000424
0.000465
0.000453
0.000402
0.000419
0.000492
0.000442
0.000369
0.000142
0.000317
0.000330
0.000482
0.000363
0.000358
0.000488
0.000465
0.000397
0.000306
0.000408
0.000482
0.000449
0.000520
0.000322
0.000340
0.000425
0.000447
0.000464
0.000356
0.000346
0.000272
0.000379
0.000340
0.000267
0.000334
0.000431
0.000385
0.000390
0.000362
0.000385
0.000436
0.000368
0.000396
0.000312
0.000357
0.000390
0.000311
0.000373
0.000373
0.000391
0.000204
0.000271
0.000317
0.000282
0.000333
0.000345
0.000351
0.000367
0.000419
0.000294
0.000379
0.000408
0.000539
0.000272
0.000384
0.000452
0.000368
0.000419
0.000476
0.000403
0.000385
0.000430
0.000233
0.000408
0.000481
0.000379
0.000419
0.000362
0.000448
0.000413
0.000446
0.000442
0.000352
0.000373
0.000446
0.000424
0.000391
0.000368
0.000459
0.000390
0.000465
0.000362
0.000408
0.000413
0.000464
0.000379
0.000413
0.000408
0.000340
0.000340
0.000334
0.000368
0.000374
0.000322
0.000306
0.000374
0.000458
0.000471
0.000374
0.000391
0.000335
0.000419
0.000374
0.000233
0.000375
0.000443
0.000391
0.000426
0.000397
0.000432
0.000397
0.000340
0.000347
0.000420
0.000454
0.000358
0.000443
0.000459
0.000391
0.000420
0.000403
0.000363
0.000357
0.000159
0.000747
0.000352
0.000295
0.000409
0.000358
0.000290
0.000437
0.000363
0.000551
0.000289
0.000375
0.000426
0.000403
0.000426
0.000250
0.000398
0.000340
0.000346
0.000454
0.000335
0.000415
0.000335
0.000420
0.000368
0.000408
0.000335
0.000312
0.000363
0.000408
0.000346
0.000425
0.000357
0.000193
0.000335
0.000351
0.000335
0.000267
0.000386
0.000323
0.000283
0.000351
0.000329
0.000363
0.000210
0.000324
0.000351
0.000272
0.000329
0.000290
0.000244
0.000346
0.000323
0.000300
0.000278
0.000301
0.000216
0.000233
0.000272
0.000198
0.000216
0.000311
0.000204
0.000193
0.000221
0.000283
0.000198
0.000204
0.000215
0.000323
0.000267
0.000266
0.000352
0.000266
0.000237
0.000255
0.000182
0.000181
0.000159
0.000295
0.000295
0.000295
0.000272
0.000249
0.000306
0.000226
0.000210
0.000238
0.000278
0.000226
0.000295
0.000271
0.000266
0.000295
0.000153
0.000192
0.000175
0.000226
0.000238
0.000277
0.000198
0.000243
0.000227
0.000187
0.000164
0.000130
0.000221
0.000267
0.000272
0.000153
0.000220
0.000255
0.000226
0.000198
0.000277
0.000232
0.000226
0.000403
0.000198
0.000192
0.000243
0.000232
0.000226
0.000085
0.000147
0.000204
0.000158
0.000192
0.000374
0.000147
0.000147
0.000158
0.000204
0.000153
0.000226
0.000164
0.000186
0.000187
0.000204
0.000096
0.000186
0.000130
0.000073
0.000215
0.000215
0.000113
0.000147
0.000170
0.000226
0.000119
0.000209
0.000209
0.000158
0.000153
0.000169
0.000181
0.000158
0.000023
0.000232
0.000158
0.000210
0.000181
0.000142
0.000119
-0.000045
0.000102
0.000113
0.000073
0.000158
0.000187
0.000006
0.000147
0.000153
0.000102
0.000187
0.000068
0.000079
0.000085
0.000102
0.000073
0.000107
0.000079
0.000057
0.000011
0.000062
0.000142
0.000124
0.000119
0.000062
0.000023
0.000051
0.000062
0.000209
0.000028
0.000124
0.000124
0.000141
0.000034
0.000073
-0.000023
0.000090
-0.000006
0.000181
-0.000057
-0.000017
0.000062
0.000073
0.000017
0.000170
0.000079
0.000045
0.000040
-0.000147
0.000090
0.000023
0.000051
0.000147
0.000011
0.000034
-0.000073
-0.000040
0.000051
0.000040
-0.000034
-0.000017
0.000090
-0.000051
-0.000040
-0.000006
-0.000113
0.000057
0.000028
-0.000045
-0.000051
-0.000068
-0.000045
-0.000034
0.000017
-0.000023
0.000017
-0.000006
-0.000045
-0.000017
0.000000
-0.000090
-0.000062
-0.000079
0.000000
0.000040
-0.000056
-0.000062
-0.000034
-0.000068
-0.000040
-0.000079
-0.000113
-0.000130
-0.000147
-0.000130
-0.000169
-0.000130
-0.000146
-0.000119
-0.000129
0.000028
-0.000192
-0.000197
-0.000163
-0.000124
-0.000242
-0.000101
-0.000180
-0.000361
-0.000231
-0.000186
-0.000191
-0.000174
-0.000220
-0.000213
-0.000287
-0.000203
-0.000276
-0.000107
-0.000287
-0.000203
-0.000231
-0.000191
-0.000230
-0.000208
-0.000208
-0.000230
-0.000175
-0.000136
-0.000225
-0.000258
-0.000309
-0.000287
-0.000315
-0.000248
-0.000292
-0.000326
-0.000281
-0.000321
-0.000253
-0.000231
-0.000292
-0.000326
-0.000213
-0.000388
-0.000337
-0.000327
-0.000371
-0.000366
-0.000281
-0.000309
-0.000281
-0.000243
-0.000320
-0.000399
-0.000293
-0.000309
-0.000331
-0.000219
-0.000259
-0.000270
-0.000281
-0.000416
-0.000270
-0.000303
-0.000293
-0.000293
-0.000242
-0.000304
-0.000236
-0.000360
-0.000304
-0.000320
-0.000276
-0.000253
-0.000348
-0.000270
-0.000315
-0.000219
-0.000293
-0.000315
-0.000298
-0.000276
-0.000247
-0.000309
-0.000298
-0.000304
-0.000253
-0.000180
-0.000293
-0.000299
-0.000247
-0.000253
-0.000293
-0.000242
-0.000265
-0.000225
-0.000248
-0.000158
