connected to robot 
port 24920 host 127.0.0.1 
Not connected to cameraserver  0 
 camera server xml initialized 
port 24919 host 127.0.0.1 
Not connected to laserserver  0 
position: 0.000000, 0.000000
50,50,50,50,50,51,50,52,
50,50,51,49,49,50,50,52,
50,50,50,50,49,54,50,52,
49,50,50,49,50,50,49,52,
49,50,50,50,49,51,50,53,
50,50,50,49,51,50,50,53,
50,50,50,49,50,49,50,52,
49,50,50,50,49,50,49,54,
50,50,50,50,49,50,50,52,
50,50,51,49,49,50,50,52,
50,50,50,49,49,50,49,53,
50,50,50,50,50,50,49,52,
49,50,50,49,49,49,50,52,
49,50,50,51,50,50,50,53,
50,50,50,50,50,49,49,52,
49,50,51,50,52,50,49,53,
49,50,50,50,50,50,49,52,
50,50,50,50,50,50,49,52,
50,50,50,51,51,50,50,52,
50,50,50,50,50,49,50,52,
50,50,50,51,50,50,49,52,
50,50,50,50,50,49,50,53,
50,50,50,50,49,50,50,52,
50,50,50,50,50,49,50,52,
50,50,50,50,50,50,50,52,
50,50,50,50,50,49,49,52,
50,49,50,50,49,50,49,52,
50,50,50,50,50,50,49,53,
49,50,50,50,51,50,50,52,
51,50,50,50,50,52,49,53,
50,50,50,50,50,50,50,53,
49,50,50,50,50,50,49,52,
50,49,50,50,49,50,49,52,
50,51,51,49,50,50,49,52,
50,50,51,50,50,49,50,52,
50,50,50,49,50,50,50,52,
50,50,50,50,50,50,49,52,
50,50,51,50,50,50,49,52,
49,50,50,50,50,50,49,52,
50,50,50,49,50,50,50,53,
50,50,50,49,50,50,50,52,
49,49,50,50,50,50,53,52,
51,50,50,50,50,50,49,52,
50,50,50,51,50,50,50,52,
50,50,50,50,49,49,49,53,
50,49,50,50,50,50,50,53,
49,50,50,50,50,50,50,53,
50,49,50,49,49,50,49,52,
49,49,50,50,50,50,49,52,
50,50,50,50,50,52,50,52,
50,50,50,50,50,50,50,53,
50,50,50,51,49,50,50,52,
50,50,50,50,49,50,52,53,
50,50,50,49,50,50,50,52,
50,50,50,49,49,50,50,52,
50,49,50,49,51,50,49,53,
49,50,50,50,50,50,51,52,
49,50,50,50,49,50,49,53,
50,50,50,50,50,49,50,53,
50,50,50,49,50,50,50,52,
50,49,51,50,49,50,50,52,
49,50,50,50,50,50,50,53,
50,50,51,49,50,50,50,52,
50,50,51,50,49,50,50,52,
50,50,50,50,50,50,49,53,
51,50,50,50,49,49,51,56,
50,50,50,49,50,50,49,52,
50,50,50,50,49,50,49,52,
50,50,50,49,49,50,50,52,
50,50,50,49,49,50,49,52,
51,50,50,51,49,50,49,52,
49,50,50,50,49,50,49,52,
49,50,50,49,49,50,50,53,
51,50,50,50,49,50,50,52,
50,50,50,50,49,50,50,54,
50,51,50,52,49,50,49,52,
49,50,50,50,49,50,50,53,
50,51,50,50,49,50,49,52,
50,51,52,50,49,50,50,53,
50,49,50,50,49,50,50,52,
49,49,50,49,49,50,49,52,
50,50,50,49,50,50,49,53,
50,50,50,49,50,49,50,53,
50,50,50,50,49,50,49,53,
50,50,50,50,49,50,49,52,
50,51,50,49,49,50,49,53,
49,50,50,49,49,50,52,53,
50,50,50,49,49,50,50,53,
50,50,50,49,49,49,50,52,
49,50,50,50,50,49,50,53,
50,50,50,49,49,49,49,53,
50,50,51,49,49,50,49,53,
49,50,50,49,49,49,50,53,
50,50,49,50,49,50,49,52,
50,50,50,50,49,49,49,52,
50,50,50,49,49,50,50,52,
49,50,50,50,50,50,50,53,
50,50,51,49,49,49,50,52,
50,50,51,50,50,50,50,53,
51,50,51,50,49,50,51,53,
49,50,50,49,50,50,51,52,
49,50,50,49,49,50,50,53,
50,50,50,50,49,50,49,52,
49,51,50,49,49,49,50,53,
49,51,50,49,49,49,51,53,
49,50,51,50,49,50,50,52,
50,50,51,50,50,49,50,53,
49,50,50,50,49,49,50,53,
49,51,50,49,49,50,50,52,
50,50,50,50,50,50,50,53,
50,52,50,50,50,50,50,52,
51,52,50,49,50,50,50,53,
49,50,51,50,50,50,49,52,
49,50,50,50,50,50,50,52,
50,50,50,49,49,50,50,53,
49,50,51,50,49,50,50,55,
49,50,50,50,49,50,50,52,
50,50,50,49,49,49,50,53,
50,50,50,50,50,50,50,52,
50,51,51,50,49,49,50,53,
49,51,51,50,49,49,50,52,
50,50,50,49,50,50,49,52,
50,49,50,49,49,50,50,53,
49,50,50,49,49,50,49,52,
49,50,50,50,49,49,50,53,
50,50,53,49,50,49,49,53,
49,50,51,50,50,49,50,53,
50,50,52,50,50,49,50,53,
49,50,50,49,49,50,50,52,
50,50,50,50,49,49,50,53,
50,50,50,50,49,50,50,54,
50,50,50,51,50,49,50,53,
49,50,52,50,50,49,51,53,
49,51,51,49,49,49,50,53,
49,50,52,50,50,49,50,53,
50,50,50,49,49,49,50,52,
49,50,51,49,49,49,50,53,
50,51,51,50,50,50,50,53,
49,50,51,50,49,49,50,53,
49,50,51,50,49,49,50,53,
49,50,50,49,50,50,50,54,
50,50,51,49,50,50,50,53,
50,50,51,49,49,49,50,53,
52,51,50,49,49,50,50,53,
49,50,49,51,50,50,50,53,
50,50,50,51,49,50,50,53,
49,50,51,49,49,50,50,53,
49,51,50,50,50,49,49,53,
49,50,51,49,50,50,50,53,
49,50,50,49,50,49,49,53,
49,50,49,50,49,49,50,53,
49,50,51,50,49,49,49,53,
49,50,51,50,49,50,50,52,
49,50,50,50,49,50,50,53,
50,50,50,50,49,50,50,52,
49,50,50,50,50,49,50,53,
49,51,50,50,50,49,50,53,
50,50,50,50,50,50,50,52,
49,50,50,50,50,49,50,52,
50,50,50,49,50,49,50,53,
49,50,50,50,49,50,50,52,
49,51,50,50,49,49,50,52,
49,51,50,50,49,50,49,52,
50,50,50,50,50,49,50,52,
50,50,49,50,49,50,50,53,
49,50,50,49,49,50,50,53,
49,50,50,50,49,50,49,53,
50,50,50,49,49,50,50,52,
49,50,51,50,49,49,49,53,
49,50,51,50,49,49,50,52,
49,51,50,50,49,50,50,52,
49,50,50,50,50,49,50,53,
50,51,51,50,49,49,49,54,
50,50,50,50,49,50,49,53,
49,49,50,50,49,49,50,52,
50,52,50,50,50,50,50,53,
50,50,51,50,50,50,51,53,
50,50,50,50,50,50,49,53,
50,50,51,50,50,50,50,53,
50,50,50,49,50,49,49,53,
49,50,50,50,50,50,49,53,
49,50,50,50,49,50,49,53,
53,50,50,49,50,49,50,52,
50,50,50,50,49,51,49,53,
50,50,50,50,50,50,49,52,
50,50,50,50,50,50,49,52,
49,50,51,49,49,49,49,53,
49,51,50,49,50,50,49,52,
50,50,50,50,49,50,49,53,
50,50,50,50,50,50,49,52,
50,50,50,53,50,50,49,53,
49,50,50,49,50,49,49,53,
50,50,50,50,50,50,49,53,
50,51,50,49,50,49,49,53,
50,51,50,50,50,49,49,52,
50,50,50,49,50,50,49,53,
50,50,49,50,50,49,49,53,
49,50,49,51,50,50,50,52,
49,50,49,49,50,49,50,52,
50,50,50,50,50,50,49,52,
49,50,50,50,50,50,50,53,
50,50,50,50,50,50,49,53,
49,50,50,50,50,50,50,53,
49,50,50,50,50,50,49,52,
50,51,50,50,49,49,49,53,
50,49,50,49,50,50,49,53,
50,51,50,50,50,50,49,52,
49,50,50,50,50,50,50,52,
49,50,50,50,50,49,49,53,
50,51,50,50,49,50,53,53,
56,50,50,50,50,50,49,52,
50,50,50,50,52,50,49,53,
50,50,50,50,49,50,50,52,
49,51,50,50,50,50,49,53,
50,50,50,50,50,50,50,53,
50,50,50,49,49,49,49,52,
50,51,50,50,49,50,50,56,
50,50,50,50,50,49,49,52,
50,50,50,50,51,49,49,52,
50,50,50,50,50,50,49,52,
50,50,50,50,49,49,50,53,
49,49,50,50,49,49,50,52,
50,50,50,49,49,49,49,53,
50,50,49,50,50,49,49,52,
50,50,50,50,49,50,49,52,
50,50,50,50,50,51,50,53,
51,50,50,51,49,51,49,53,
49,49,51,50,50,49,49,53,
50,50,49,49,50,50,50,52,
50,50,50,49,51,50,49,52,
50,50,50,49,53,50,49,52,
50,49,50,51,49,49,50,52,
49,49,51,51,49,50,49,52,
50,50,50,50,50,50,50,52,
49,51,50,50,50,50,50,53,
50,50,49,50,50,50,49,52,
50,50,50,50,50,50,50,52,
50,50,50,50,50,50,49,53,
50,49,50,50,50,49,50,53,
50,50,50,49,50,50,49,52,
50,49,50,50,50,50,49,52,
50,49,50,50,49,49,50,53,
50,49,51,50,50,50,50,53,
50,50,50,50,50,50,50,53,
50,50,50,50,49,51,50,52,
50,50,50,50,50,50,49,52,
49,49,50,50,50,50,50,52,
50,49,50,50,49,52,49,52,
50,49,50,50,50,51,50,52,
49,50,51,50,51,51,50,52,
50,50,51,50,50,50,50,52,
50,50,50,50,49,50,49,52,
50,50,50,50,50,50,50,52,
50,50,50,50,49,50,49,53,
50,50,50,50,50,50,49,52,
50,49,50,50,50,50,50,53,
49,50,50,49,49,50,49,52,
50,50,50,50,49,50,50,53,
50,52,50,50,50,50,50,52,
49,49,50,50,49,50,50,52,
51,50,50,50,49,50,50,52,
53,50,50,50,50,50,49,53,
50,50,51,50,49,50,49,53,
49,49,51,50,49,50,50,53,
50,49,50,49,49,50,51,52,
49,49,50,50,49,49,49,52,
50,50,50,50,50,50,50,52,
50,50,50,50,49,50,50,52,
49,49,51,50,50,50,49,52,
50,50,50,50,49,50,50,52,
49,50,50,50,50,51,49,53,
50,49,50,50,49,50,50,53,
49,50,50,51,50,50,50,52,
49,50,50,50,50,50,49,53,
50,50,50,50,50,50,51,52,
49,50,50,50,49,50,49,53,
50,50,51,49,49,50,50,52,
50,49,50,50,49,50,50,52,
50,50,50,50,49,51,50,53,
49,49,50,49,50,49,50,52,
50,50,50,49,49,50,49,53,
50,50,51,50,49,50,49,52,
50,51,51,50,50,50,50,53,
49,53,51,50,50,50,49,53,
50,50,50,50,50,50,50,53,
50,51,50,50,50,50,50,52,
49,50,50,49,51,50,49,53,
49,49,50,50,49,50,50,52,
49,50,50,49,49,50,50,53,
49,50,50,50,50,50,51,53,
50,50,51,51,50,49,50,53,
50,50,50,49,49,50,50,53,
49,50,50,49,49,50,50,52,
50,50,49,49,49,50,50,53,
49,50,50,49,49,50,50,52,
50,50,50,50,50,49,50,52,
50,49,50,49,50,50,50,54,
50,50,50,50,49,49,49,52,
50,50,50,49,50,50,50,52,
50,50,50,50,50,50,49,52,
49,50,51,49,49,51,50,53,
50,49,50,50,49,50,50,52,
50,51,50,50,49,50,50,53,
50,50,50,50,49,50,50,53,
50,50,50,49,49,50,50,53,
49,51,51,50,49,50,50,52,
49,50,50,50,50,50,50,54,
49,50,51,50,49,51,50,53,
50,50,50,50,50,50,50,52,
50,50,50,49,49,50,50,52,
50,52,50,50,50,50,50,52,
50,49,50,50,49,50,50,52,
50,50,50,50,49,50,50,52,
49,50,50,50,49,50,50,53,
50,49,50,50,50,50,49,53,
50,50,50,50,49,50,50,53,
49,51,50,50,49,51,49,53,
50,50,51,49,49,52,49,54,
50,50,50,50,50,50,50,53,
49,50,51,49,53,50,50,53,
50,51,51,50,50,50,50,53,
49,50,50,49,50,50,49,53,
50,50,51,49,50,50,50,53,
50,50,50,50,50,50,50,53,
50,50,51,50,49,49,51,53,
50,50,50,49,50,50,49,53,
49,50,50,49,49,49,50,53,
50,49,54,49,49,50,49,52,
50,50,50,50,49,49,49,53,
49,50,51,50,50,50,49,53,
50,50,50,50,49,50,49,53,
50,50,51,49,49,49,49,53,
49,50,53,49,50,50,49,52,
49,54,50,50,50,50,49,52,
49,50,50,49,49,50,49,52,
49,50,50,49,50,50,50,53,
49,50,51,49,49,50,51,53,
49,50,50,49,51,50,50,52,
50,50,52,50,51,50,50,52,
50,50,50,50,50,50,50,53,
49,50,49,49,49,49,50,52,
50,50,50,51,49,51,50,52,
49,50,50,50,50,50,50,52,
50,50,50,49,50,50,50,53,
49,50,50,49,49,49,52,53,
52,50,50,50,49,50,50,53,
50,50,50,50,49,49,50,52,
49,50,50,50,49,50,50,53,
49,50,50,50,49,50,50,52,
49,50,50,50,49,50,49,53,
49,50,50,50,49,50,50,52,
50,50,50,50,50,49,49,52,
50,50,50,49,49,50,50,53,
50,54,50,50,49,49,51,53,
50,50,50,50,49,49,50,53,
50,51,50,50,49,50,50,52,
49,51,51,49,49,49,50,53,
51,52,51,50,50,50,50,52,
49,50,50,49,49,49,50,53,
49,50,50,50,49,49,50,52,
50,50,50,50,49,50,50,53,
49,51,50,50,49,50,50,53,
50,51,49,50,49,51,49,53,
49,50,50,50,51,49,50,53,
49,50,51,52,49,50,50,53,
49,51,50,50,49,49,50,53,
49,50,50,50,49,49,49,53,
49,50,50,50,49,49,50,53,
49,50,51,49,49,50,49,53,
49,50,50,50,49,50,50,53,
50,50,50,50,49,50,50,56,
50,50,50,50,49,50,50,52,
51,50,50,50,50,49,50,52,
49,50,50,50,49,49,49,53,
49,50,50,51,50,50,50,54,
50,50,50,50,50,50,49,53,
49,50,50,50,49,50,50,53,
49,50,52,51,50,50,49,53,
49,51,50,50,50,50,50,52,
50,51,50,49,50,49,49,53,
50,50,50,49,51,49,49,54,
49,50,50,50,49,51,50,52,
49,50,50,49,49,49,50,54,
49,50,51,49,50,50,49,53,
50,50,50,50,49,49,51,53,
49,50,50,50,50,49,50,53,
52,51,50,49,50,50,50,53,
49,50,50,49,50,49,49,52,
49,50,51,50,50,50,51,53,
49,51,50,50,49,49,49,53,
49,51,50,50,50,50,49,53,
49,50,50,52,51,49,51,53,
50,50,50,49,50,50,51,53,
49,54,50,50,49,49,50,53,
50,50,50,51,49,50,49,53,
50,51,50,50,49,50,50,54,
50,51,50,50,50,50,50,52,
49,50,51,49,49,50,49,53,
49,50,50,50,49,49,49,52,
49,50,50,49,50,49,50,53,
50,50,50,50,50,50,49,52,
50,50,50,50,50,49,50,53,
50,50,50,50,50,50,50,53,
50,50,50,50,50,50,49,53,
49,50,50,49,49,49,50,53,
50,50,50,50,49,50,50,53,
50,50,50,50,50,49,50,53,
49,51,50,50,50,49,49,53,
49,50,51,51,50,50,50,53,
49,50,50,50,50,50,49,52,
50,50,50,50,49,50,49,53,
50,50,50,50,49,50,49,52,
49,50,50,50,49,49,49,56,
50,50,50,49,51,50,52,53,
49,49,50,50,50,49,49,53,
50,50,50,50,49,49,50,52,
49,50,50,50,50,50,49,53,
50,51,51,50,50,50,49,53,
50,50,50,50,49,50,49,53,
49,50,50,50,49,49,49,53,
50,50,50,50,50,49,49,53,
50,51,51,50,50,50,50,52,
50,50,51,50,49,49,50,53,
49,50,50,50,49,50,50,53,
51,50,50,49,50,49,49,53,
50,50,51,49,51,50,49,52,
50,50,50,49,50,50,49,53,
49,50,50,49,49,49,49,53,
50,50,50,50,49,49,51,53,
49,50,50,50,51,49,49,52,
50,51,50,50,50,50,49,52,
49,50,50,49,50,50,49,52,
50,50,49,50,50,50,50,53,
50,50,50,50,50,50,49,53,
49,50,50,50,49,50,49,52,
50,51,50,50,50,51,49,53,
50,50,50,49,50,50,49,53,
50,50,50,50,49,50,49,52,
50,50,50,50,50,50,49,52,
50,50,49,50,49,51,49,53,
50,50,50,50,50,50,49,52,
50,50,50,50,49,51,49,53,
50,50,50,51,49,50,49,53,
51,50,50,50,49,49,50,52,
50,50,50,50,49,50,50,53,
49,50,51,50,49,50,50,53,
49,50,51,50,50,49,50,52,
50,50,50,50,50,50,50,52,
50,50,50,50,50,50,49,53,
51,50,50,50,50,50,49,53,
50,50,50,50,50,50,50,52,
50,49,50,50,51,50,50,52,
50,50,50,49,49,51,49,53,
49,50,50,51,49,50,49,53,
49,50,50,50,50,50,50,52,
50,50,50,50,49,50,50,52,
49,50,50,50,50,50,49,52,
49,50,50,50,49,50,49,52,
50,49,50,50,49,50,50,52,
50,50,50,50,50,50,50,52,
50,50,50,50,51,49,50,52,
50,49,50,50,49,50,50,52,
51,50,51,51,50,49,49,53,
50,50,50,50,49,50,50,52,
52,50,51,50,50,50,51,53,
50,50,50,50,49,50,49,52,
50,49,50,50,50,53,50,52,
49,50,50,50,50,50,49,53,
50,50,50,50,50,50,50,53,
50,49,50,49,50,50,49,53,
50,49,50,51,50,51,49,52,
50,50,50,50,50,51,49,52,
50,50,51,50,50,49,50,52,
50,49,51,50,50,50,50,53,
50,51,50,50,50,50,50,52,
50,49,50,50,50,50,50,52,
50,50,50,50,50,50,50,53,
50,51,50,50,50,50,50,53,
50,50,52,49,49,49,50,53,
51,50,50,50,51,50,49,52,
49,50,50,50,49,50,50,52,
50,50,50,50,50,50,50,52,
50,49,50,50,49,50,49,52,
50,50,50,50,49,49,50,53,
50,50,50,49,50,50,50,53,
52,50,50,50,49,50,50,52,
50,50,52,50,49,50,50,52,
50,50,50,50,50,50,50,53,
50,50,51,50,49,50,50,52,
49,50,50,51,50,50,50,52,
50,50,50,50,50,50,49,52,
49,50,51,50,50,50,50,52,
50,50,50,49,50,49,49,52,
50,50,50,49,49,50,49,53,
49,50,51,50,50,50,50,52,
50,52,50,49,50,50,49,52,
51,52,50,50,49,50,49,52,
49,50,50,49,50,49,50,52,
49,50,50,50,49,50,50,53,
49,50,51,51,52,50,50,53,
50,50,50,50,49,50,50,52,
50,50,50,50,50,53,50,53,
50,50,50,50,50,50,49,53,
50,50,50,49,49,50,49,52,
50,50,50,50,50,50,50,53,
50,49,51,50,50,49,50,52,
50,53,50,49,49,50,49,52,
49,50,50,51,49,51,49,52,
50,51,49,50,49,50,50,52,
50,50,50,50,49,50,50,53,
50,50,50,50,50,50,50,53,
50,50,50,50,49,50,50,53,
50,49,51,50,50,50,50,53,
50,50,50,50,50,50,49,53,
50,50,49,50,50,51,49,52,
49,50,50,50,50,50,49,53,
49,54,50,50,50,50,50,53,
50,50,50,50,49,50,49,53,
50,50,51,50,49,50,49,52,
50,50,50,50,49,50,50,52,
49,50,50,50,50,50,50,52,
50,50,50,50,50,50,50,53,
50,50,51,50,49,50,50,52,
50,50,51,50,49,50,50,53,
50,49,50,50,49,50,49,53,
50,50,50,49,49,50,50,53,
54,49,50,49,50,50,50,53,
50,50,51,50,49,50,50,53,
50,50,50,50,49,50,51,52,
50,49,50,50,49,51,50,53,
50,50,50,50,49,50,50,53,
51,50,50,50,49,50,50,53,
50,50,50,49,49,50,50,53,
50,50,51,49,51,50,50,53,
49,50,50,49,49,50,50,53,
51,51,51,49,49,51,51,53,
50,50,50,49,49,50,50,53,
50,50,50,50,49,50,50,52,
50,50,50,49,49,50,50,53,
50,51,50,49,49,50,50,53,
50,50,50,49,49,50,51,53,
50,50,51,49,50,49,50,55,
51,50,50,49,49,50,50,52,
50,51,50,49,49,49,49,52,
49,50,50,49,49,49,50,52,
49,51,50,49,49,50,49,53,
50,50,51,50,50,50,50,53,
50,50,50,49,49,50,49,52,
49,52,50,49,49,50,50,52,
50,50,50,49,49,50,50,52,
50,50,50,50,49,49,49,53,
49,50,50,49,49,50,49,53,
50,50,50,50,50,50,50,52,
49,51,49,50,49,49,50,53,
53,50,50,49,50,50,50,53,
50,50,50,49,50,49,50,53,
50,50,50,53,50,49,50,53,
50,50,52,50,50,49,50,53,
49,50,51,49,49,50,50,52,
50,50,50,49,49,49,50,53,
52,50,50,49,49,49,49,52,
49,51,50,50,50,49,50,52,
50,50,50,50,49,49,50,53,
50,50,50,50,50,49,50,53,
50,50,50,50,49,49,50,53,
49,50,50,49,49,49,49,53,
50,50,51,50,49,50,50,52,
50,50,50,50,50,50,50,52,
50,50,51,51,49,49,50,53,
50,50,50,50,49,50,49,53,
49,50,51,50,51,50,50,53,
50,49,51,50,49,50,49,53,
49,50,51,50,49,50,50,53,
50,51,50,50,49,49,50,53,
50,50,51,50,49,50,50,53,
50,50,53,49,50,49,49,53,
49,50,51,50,49,49,50,53,
49,50,51,50,49,50,50,52,
49,49,50,50,50,49,50,53,
50,51,50,49,50,50,51,53,
50,50,50,50,49,49,49,52,
49,52,50,49,53,49,50,53,
50,50,50,49,50,49,50,53,
49,51,50,49,50,49,50,53,
49,50,50,50,50,49,50,52,
50,50,50,50,50,50,49,52,
49,50,50,50,49,49,50,53,
49,50,50,49,50,50,53,53,
49,50,50,51,50,50,49,53,
49,50,50,50,50,49,50,53,
50,50,50,49,49,50,49,53,
50,50,50,49,50,49,50,53,
49,50,50,50,49,49,50,53,
49,50,51,50,49,49,50,52,
49,51,49,49,50,49,50,53,
49,50,50,50,49,50,49,53,
50,50,50,50,50,50,50,53,
49,50,50,49,49,49,50,53,
49,50,51,49,49,50,49,53,
50,50,50,49,49,50,50,53,
49,51,50,50,49,50,50,53,
50,50,50,50,50,50,50,53,
49,50,50,50,50,50,49,53,
49,50,50,49,50,50,50,53,
50,50,50,50,51,49,50,52,
49,50,50,50,49,50,51,52,
50,50,50,50,49,49,50,52,
50,51,50,50,49,50,49,53,
52,50,51,50,49,49,50,52,
50,50,50,50,51,50,49,53,
49,50,50,50,50,49,50,52,
50,50,50,50,50,50,49,52,
50,51,50,50,49,50,50,53,
50,50,50,50,49,49,50,53,
50,51,50,50,49,50,49,53,
50,51,50,50,50,50,50,53,
49,50,50,50,49,50,49,52,
50,50,50,50,49,50,49,52,
49,50,50,51,50,50,50,53,
50,51,50,50,50,49,49,52,
49,50,50,49,50,49,49,52,
50,50,50,50,50,50,49,52,
49,50,50,50,53,50,49,52,
49,50,50,49,49,49,49,53,
50,51,51,50,50,50,49,53,
50,51,50,50,49,50,49,54,
49,50,51,50,50,50,50,53,
49,50,50,49,50,50,49,53,
49,50,50,49,49,50,50,54,
49,50,50,50,49,50,50,53,
49,50,50,50,49,49,50,52,
50,50,50,49,50,51,50,54,
50,50,51,50,50,50,49,53,
49,53,50,50,49,50,50,53,
49,51,50,50,50,50,49,52,
50,50,51,50,49,50,49,53,
49,51,51,49,50,50,50,53,
50,51,50,51,51,50,49,52,
49,50,50,49,49,50,49,53,
50,50,50,50,49,50,49,52,
50,51,50,50,49,50,49,53,
50,50,50,50,50,50,50,52,
50,50,50,49,51,50,50,53,
49,50,50,50,49,51,50,53,
50,50,50,50,50,50,49,53,
50,50,50,50,50,50,50,52,
50,51,49,50,50,50,49,52,
50,50,50,50,50,50,50,54,
50,50,50,50,50,50,49,53,
50,51,49,50,49,50,49,53,
49,50,50,50,49,50,49,52,
50,50,50,50,49,49,49,53,
50,50,50,50,50,51,50,53,
49,49,50,50,51,50,49,53,
49,50,50,50,49,49,49,52,
50,50,50,50,49,51,50,53,
49,50,50,50,50,49,51,52,
50,50,50,49,52,50,49,53,
49,51,51,50,50,50,49,52,
50,50,54,51,49,49,49,53,
50,50,50,49,50,51,49,52,
50,50,50,50,49,50,49,52,
50,50,50,51,49,50,49,53,
49,50,49,50,49,49,49,53,
50,50,50,50,49,50,50,53,
49,52,51,50,50,50,49,53,
50,50,50,50,49,50,49,53,
49,50,50,50,49,49,50,53,
50,50,49,50,50,50,49,52,
49,50,50,50,49,49,51,52,
50,50,50,50,50,49,49,52,
50,50,50,50,50,49,50,52,
50,52,50,50,49,49,49,52,
49,50,50,50,49,50,49,52,
51,50,50,51,50,50,50,53,
50,50,51,50,49,49,49,53,
50,50,50,50,50,50,50,53,
50,50,49,50,50,50,49,52,
50,50,51,51,50,49,49,52,
50,50,51,50,50,50,49,53,
49,50,50,50,49,50,50,53,
49,50,50,50,49,50,49,53,
50,49,50,50,50,49,49,52,
50,50,50,50,50,50,50,53,
49,50,50,50,49,50,49,53,
50,50,50,50,50,50,50,52,
49,50,50,51,50,50,49,53,
49,49,50,49,50,49,50,53,
49,50,50,50,50,50,50,53,
50,50,50,51,50,49,49,52,
50,50,50,50,49,49,50,52,
49,50,50,50,52,49,49,52,
49,49,50,50,50,50,49,53,
50,50,49,50,49,49,50,52,
50,50,50,51,49,50,49,53,
49,50,50,50,50,50,50,53,
50,50,50,50,49,50,49,52,
49,50,50,49,49,50,49,53,
49,50,51,50,50,50,49,52,
49,49,50,50,49,50,49,52,
49,50,50,50,50,50,49,52,
49,50,50,50,50,50,49,52,
51,50,50,50,50,50,50,52,
50,50,51,50,50,50,49,53,
50,50,50,50,50,50,50,53,
53,50,50,50,50,50,49,53,
49,49,49,50,50,50,50,53,
51,50,50,50,49,50,49,53,
50,50,50,50,49,50,50,52,
50,50,50,49,49,50,50,52,
50,50,50,50,49,50,50,52,
50,49,50,50,50,49,49,53,
50,50,50,49,50,50,50,55,
50,50,50,50,49,50,50,52,
50,49,50,50,49,49,51,52,
49,50,50,49,49,50,50,53,
50,49,51,50,50,50,49,53,
49,50,50,50,49,50,50,52,
50,49,50,50,49,50,50,53,
49,49,49,50,49,50,50,54,
50,49,51,50,50,50,49,52,
50,50,50,50,49,50,50,52,
50,50,50,49,50,49,50,52,
51,49,50,49,49,50,49,52,
50,50,52,50,51,50,49,53,
50,50,50,50,50,49,49,53,
50,50,50,50,50,50,52,52,
50,50,50,50,50,51,50,52,
50,49,50,50,50,50,49,53,
50,49,51,50,51,50,49,52,
50,50,50,50,49,50,50,52,
50,50,50,49,49,50,49,52,
50,50,50,50,49,50,49,53,
50,50,50,49,50,50,49,53,
50,50,50,50,49,50,50,53,
49,50,50,49,51,50,50,53,
50,50,50,50,50,50,50,54,
50,53,50,49,49,50,49,53,
51,50,50,50,50,50,50,52,
50,52,50,49,50,51,49,53,
50,50,50,50,49,50,50,53,
50,50,50,49,49,50,49,53,
49,50,49,49,50,49,49,52,
50,50,50,50,50,50,50,52,
50,51,50,51,49,50,50,52,
50,50,50,50,50,50,50,52,
50,51,51,49,52,50,50,53,
49,50,50,49,51,50,50,53,
50,50,50,50,50,50,50,53,
50,50,50,50,50,49,51,52,
50,50,50,51,49,50,49,53,
50,49,50,50,49,49,50,53,
49,50,50,49,49,50,50,52,
50,50,50,50,49,53,50,52,
50,50,49,49,49,50,50,53,
50,51,51,49,51,50,50,52,
50,50,51,50,49,50,50,52,
50,50,50,49,50,50,50,53,
50,50,50,49,49,50,50,53,
50,50,49,50,49,50,50,53,
50,50,50,49,52,50,50,52,
50,50,50,49,49,50,50,53,
50,50,49,49,49,49,50,52,
50,50,50,49,49,50,50,53,
50,50,50,50,50,50,50,52,
52,50,50,49,49,50,49,53,
50,50,50,50,50,50,50,53,
50,50,50,50,50,50,49,53,
50,50,50,49,50,50,50,53,
49,50,51,49,49,49,49,52,
50,50,51,50,49,50,50,52,
50,53,50,50,49,50,50,52,
49,49,50,49,49,50,50,52,
51,50,50,49,49,50,50,52,
50,50,50,50,49,50,50,52,
50,50,50,50,49,50,49,52,
50,50,50,49,49,49,50,53,
50,51,51,49,49,50,50,53,
50,50,51,50,50,50,50,52,
49,50,51,50,50,50,49,53,
50,50,50,49,49,49,49,53,
51,50,51,50,49,49,50,53,
49,50,50,49,49,50,50,53,
50,50,50,49,50,50,50,53,
50,50,50,50,49,50,49,53,
50,49,51,50,49,49,50,53,
50,50,50,50,49,50,51,53,
49,50,50,50,49,50,50,53,
49,50,50,49,49,49,49,53,
49,50,50,49,49,50,50,54,
49,50,50,50,50,50,49,53,
50,50,50,50,49,50,50,53,
49,50,50,49,49,50,50,53,
50,50,50,50,50,49,49,55,
50,51,50,49,49,49,49,53,
49,50,50,51,49,50,49,53,
52,50,50,50,50,50,50,53,
51,50,50,50,49,50,49,53,
49,50,51,50,49,52,50,53,
50,50,50,49,50,50,53,53,
49,50,51,50,49,50,50,53,
49,50,50,50,50,50,50,52,
51,50,50,49,49,49,50,53,
49,50,51,49,49,50,50,53,
49,50,51,49,49,50,50,53,
49,50,50,49,50,50,50,53,
49,50,50,49,49,50,50,52,
49,50,53,50,49,50,50,53,
49,51,50,50,49,50,51,55,
49,50,50,50,49,50,50,55,
49,50,50,50,50,50,50,53,
49,50,50,50,53,49,49,52,
50,50,50,50,50,50,50,53,
49,51,50,50,49,49,49,52,
49,50,51,49,50,49,51,52,
49,50,51,50,49,51,50,53,
49,50,52,50,49,49,50,53,
50,50,50,49,49,50,50,52,
50,50,50,50,49,50,50,53,
50,50,50,50,50,49,50,52,
50,50,50,49,50,49,51,53,
49,50,51,49,50,49,50,52,
49,51,51,50,50,50,50,52,
49,50,50,50,49,50,50,52,
49,51,51,50,49,51,50,52,
50,50,51,50,49,50,50,53,
49,50,50,50,50,50,49,53,
49,51,50,50,49,49,49,53,
49,49,51,50,49,50,51,53,
49,50,50,50,49,50,51,53,
50,50,50,50,50,49,50,53,
49,50,51,50,49,50,49,53,
49,50,50,50,49,49,49,52,
49,50,50,50,49,50,51,53,
49,50,50,50,50,50,50,53,
49,50,50,50,50,49,50,53,
49,50,51,49,49,50,50,52,
49,50,50,50,49,49,50,53,
49,50,50,50,49,50,49,52,
49,50,51,52,50,49,49,54,
49,50,51,49,49,50,49,54,
49,50,50,49,49,49,50,53,
50,51,50,49,51,50,49,54,
49,50,50,50,50,49,50,52,
50,50,51,50,50,50,49,53,
49,50,50,50,50,49,50,52,
50,50,50,50,50,49,49,53,
49,50,50,49,50,50,50,53,
49,50,50,50,50,50,49,53,
49,50,51,49,50,50,50,53,
50,50,51,51,50,49,50,53,
51,49,51,50,50,49,50,52,
50,50,51,50,49,50,49,53,
49,50,51,50,49,50,49,53,
49,50,50,50,49,49,50,53,
50,49,50,50,49,52,50,53,
51,50,50,50,50,50,50,52,
50,50,50,49,50,50,49,52,
49,50,50,50,50,50,50,53,
49,50,50,50,50,50,51,53,
49,50,51,49,49,50,50,53,
50,51,50,50,49,50,49,53,
50,50,50,50,50,49,49,53,
49,50,51,50,49,50,49,52,
49,50,50,50,49,50,50,52,
50,50,50,49,50,50,51,53,
50,50,50,50,50,50,49,53,
50,50,49,50,49,50,49,53,
50,51,50,49,49,49,49,53,
49,50,51,50,49,49,50,53,
49,50,50,50,50,50,49,52,
49,52,50,50,49,50,49,53,
50,50,49,50,50,50,49,53,
49,50,50,49,50,49,49,53,
49,49,50,51,50,49,50,53,
50,50,49,50,49,50,50,53,
49,50,50,50,49,50,49,52,
49,50,50,51,50,50,50,53,
50,51,50,50,49,50,49,53,
49,50,50,49,50,50,49,52,
50,50,50,50,49,49,49,52,
50,51,50,50,49,49,49,52,
50,50,50,50,50,50,50,53,
50,50,50,50,49,49,50,53,
49,50,50,51,49,50,50,54,
49,50,49,50,49,50,50,53,
50,50,50,50,49,50,49,52,
50,50,50,50,50,50,49,53,
50,49,50,50,50,50,50,53,
49,50,50,50,49,51,49,53,
50,51,50,50,49,49,49,53,
49,50,50,50,49,51,50,52,
50,50,50,49,49,53,49,52,
49,50,50,50,49,50,49,53,
50,50,50,50,49,49,50,53,
50,50,50,50,50,50,49,52,
49,50,53,50,49,50,49,54,
49,50,51,49,50,49,50,53,
49,50,50,49,50,50,49,52,
49,49,50,50,49,49,49,52,
50,50,50,50,50,50,49,53,
50,49,50,50,50,50,49,53,
50,50,51,50,49,50,49,53,
51,50,50,50,49,50,51,53,
50,50,50,49,50,50,49,52,
50,50,50,50,50,50,49,53,
50,50,50,51,50,49,49,54,
49,50,50,50,50,50,49,52,
49,50,50,50,50,50,50,53,
50,51,50,49,49,50,50,53,
50,50,50,50,49,50,50,53,
49,50,50,50,49,50,49,52,
50,50,50,50,50,50,50,53,
51,50,50,50,50,50,49,52,
51,50,50,50,50,49,50,52,
50,50,50,49,49,50,50,52,
49,50,50,50,49,50,50,53,
49,50,50,50,49,50,49,52,
50,51,50,50,49,50,50,51,
50,50,50,50,49,50,49,52,
49,50,50,49,50,50,50,52,
50,50,50,50,50,50,51,53,
50,50,50,50,51,50,50,52,
49,49,50,50,50,50,50,52,
50,50,50,51,51,50,49,52,
50,49,50,49,50,50,49,52,
50,50,49,49,49,50,49,53,
50,50,50,50,50,51,50,53,
50,50,50,50,50,50,50,52,
50,51,50,50,50,50,50,52,
50,50,50,50,51,50,49,52,
50,50,50,50,49,49,50,52,
50,50,50,50,49,49,50,52,
50,50,50,50,50,49,50,52,
50,50,50,50,50,50,50,52,
51,50,50,50,50,49,50,52,
50,49,50,49,49,49,49,52,
51,50,50,50,49,50,49,52,
50,49,50,51,50,52,49,52,
50,50,50,50,50,49,49,52,
50,50,50,50,49,50,50,52,
50,50,50,50,50,50,49,52,
50,51,50,51,50,50,50,53,
50,50,50,50,50,49,49,52,
50,50,51,50,50,49,49,52,
50,50,50,50,49,49,49,52,
49,50,50,50,49,50,51,52,
50,49,50,50,50,50,50,52,
50,50,50,50,49,50,49,52,
49,50,50,50,50,50,50,52,
50,50,50,49,50,50,51,52,
50,50,50,49,51,50,49,52,
50,50,50,49,50,50,50,53,
50,49,51,51,50,49,49,52,
50,50,50,49,49,53,49,52,
50,50,51,50,50,50,49,53,
50,50,50,50,49,50,50,53,
49,49,50,50,49,49,49,53,
50,50,50,50,49,50,50,52,
50,49,50,51,49,50,49,52,
50,49,51,49,50,50,49,52,
50,49,50,50,49,50,49,53,
50,50,51,51,50,49,49,52,
50,50,50,50,50,50,49,52,
50,50,51,50,50,50,50,52,
49,50,50,50,50,50,50,52,
50,51,50,50,50,50,50,52,
49,50,50,50,50,50,50,52,
49,49,50,50,50,50,49,52,
50,50,50,50,49,50,49,53,
50,50,50,49,49,50,51,52,
50,49,50,50,50,50,49,52,
50,51,50,50,49,50,51,52,
50,50,50,49,50,50,50,52,
50,50,50,49,49,50,50,52,
50,51,50,49,49,50,50,52,
49,49,50,50,49,49,49,52,
50,50,50,50,49,49,49,52,
50,50,50,50,50,50,50,52,
50,50,50,50,50,52,49,52,
50,50,50,49,49,50,50,53,
50,50,50,50,50,50,50,53,
50,50,50,49,49,50,50,53,
49,49,50,50,49,52,49,52,
50,50,50,50,50,50,50,53,
50,50,50,49,49,50,50,53,
51,50,50,50,49,50,50,53,
49,50,50,50,49,50,49,52,
50,50,50,56,49,50,50,53,
51,50,50,50,49,50,50,52,
49,50,50,50,49,50,50,53,
50,50,51,50,49,50,50,53,
50,50,50,49,51,50,50,53,
49,50,51,49,49,50,50,53,
49,50,51,50,50,51,49,52,
50,50,50,50,49,50,50,52,
49,50,50,50,49,50,49,53,
51,50,51,49,49,50,50,53,
50,50,51,49,49,50,49,52,
50,50,50,50,49,51,50,52,
49,50,50,50,50,50,50,52,
50,50,50,49,49,50,49,53,
50,49,50,50,49,53,50,52,
50,50,50,50,49,50,49,52,
50,50,50,51,49,50,50,53,
50,50,50,49,49,50,49,52,
49,50,51,49,50,50,49,52,
50,50,51,49,49,50,50,52,
50,50,50,49,50,50,50,53,
50,50,51,50,49,50,49,52,
50,50,50,49,49,50,50,53,
50,50,51,49,50,50,49,52,
50,50,50,50,49,50,50,53,
49,50,51,51,49,50,50,52,
50,51,50,50,50,50,49,53,
50,50,50,50,50,50,49,53,
50,51,50,50,49,50,49,52,
49,50,50,52,50,50,50,52,
50,50,50,50,49,50,50,53,
50,51,50,49,49,50,50,53,
50,50,50,49,50,50,50,53,
50,50,51,50,49,50,51,53,
49,50,50,49,49,49,50,53,
50,49,50,49,53,50,50,53,
50,50,50,50,49,50,50,53,
49,50,51,50,49,49,50,53,
49,49,50,49,49,50,50,52,
50,50,51,50,49,50,50,53,
53,50,50,50,50,49,51,53,
49,50,50,50,53,50,51,53,
49,50,50,50,49,50,51,52,
50,50,50,49,49,50,50,53,
49,50,50,49,49,49,50,53,
50,50,49,49,49,49,50,53,
50,50,50,49,49,50,50,53,
50,50,50,49,50,49,50,53,
50,50,50,50,49,49,50,53,
49,50,50,49,51,50,49,53,
50,51,50,50,49,50,49,53,
49,50,50,50,49,50,50,53,
51,51,50,50,49,49,50,53,
49,50,50,50,49,49,50,52,
49,50,50,49,49,49,50,53,
50,50,50,49,49,49,49,53,
49,50,50,49,49,49,50,53,
49,51,50,49,49,50,50,53,
49,50,50,49,49,50,50,53,
49,50,50,49,50,49,50,52,
49,50,50,49,50,50,50,53,
50,50,50,49,49,49,50,52,
50,50,51,50,50,50,50,52,
50,50,50,50,50,49,49,52,
50,51,50,50,49,49,51,52,
50,50,50,50,50,50,50,52,
50,50,50,50,50,50,50,53,
50,50,50,50,49,49,50,53,
50,50,50,50,49,49,49,53,
49,50,50,50,49,49,50,52,
50,50,51,50,50,50,50,53,
49,50,50,50,49,50,50,53,
50,50,51,50,50,50,49,53,
50,50,50,50,49,49,49,52,
50,50,51,50,49,49,50,53,
49,51,51,51,50,50,50,53,
49,50,51,51,50,50,50,54,
49,50,50,50,50,49,50,53,
50,53,50,50,49,50,50,53,
49,50,51,50,50,50,50,53,
49,52,51,49,51,49,50,53,
50,50,50,49,49,50,49,53,
50,51,50,50,49,50,50,52,
50,51,50,50,49,49,50,53,
50,50,50,49,49,50,50,53,
49,50,50,50,50,50,50,53,
50,50,50,50,50,49,50,53,
49,50,51,49,50,50,49,57,
49,50,50,49,49,50,49,53,
49,50,50,50,49,50,49,53,
49,50,50,49,49,50,50,53,
49,50,50,50,49,49,50,53,
49,50,50,50,50,49,51,53,
52,50,50,50,49,49,50,52,
49,50,51,50,49,49,49,53,
49,50,50,50,49,49,50,53,
50,50,50,49,50,50,50,53,
50,51,50,49,50,50,50,53,
49,52,49,50,50,50,50,53,
49,50,50,50,50,51,50,53,
50,50,50,50,50,49,50,53,
50,50,51,50,50,49,50,53,
49,50,50,50,50,49,50,53,
49,50,50,49,49,49,49,52,
50,50,50,49,49,49,49,52,
49,50,51,50,50,50,51,52,
49,53,50,50,49,50,50,53,
49,50,50,53,49,50,50,52,
49,50,51,50,49,50,50,53,
50,50,50,50,50,50,49,53,
49,50,50,50,49,50,50,53,
50,50,50,50,49,49,50,52,
50,50,50,50,49,49,49,53,
49,50,50,50,49,50,50,52,
50,50,50,50,50,50,50,53,
50,50,50,51,50,50,49,52,
49,52,50,50,49,51,49,53,
49,50,50,49,50,50,50,52,
49,50,50,50,49,50,49,53,
49,51,50,50,49,49,50,52,
50,50,50,50,50,49,49,53,
52,51,50,50,49,49,50,52,
50,50,50,50,49,50,50,53,
49,50,50,50,50,50,49,52,
49,50,50,50,50,50,50,52,
50,50,50,50,49,49,49,53,
50,51,50,49,50,49,50,54,
49,50,50,50,50,49,50,53,
52,50,50,50,49,50,50,53,
49,50,50,50,50,50,49,53,
49,50,51,50,50,50,50,52,
49,50,50,50,50,50,51,53,
50,50,50,50,49,49,50,52,
49,50,50,50,50,51,50,55,
49,50,50,50,49,50,49,53,
50,50,51,50,49,49,49,53,
50,50,50,50,50,50,49,53,
50,50,50,50,50,50,49,53,
49,51,50,50,51,50,50,53,
49,50,50,49,49,50,50,53,
50,51,50,50,50,50,49,53,
50,50,51,50,50,50,50,52,
49,50,50,49,50,50,49,53,
50,51,52,50,50,49,50,53,
49,51,49,49,50,50,49,53,
49,50,50,50,50,50,50,53,
50,51,50,50,50,50,50,52,
50,51,51,50,51,50,49,53,
49,51,50,50,49,50,50,53,
50,50,50,50,50,49,49,52,
50,51,50,50,49,50,50,53,
50,50,50,50,50,50,50,52,
49,50,51,50,50,49,50,53,
50,51,50,50,50,50,49,54,
50,51,50,49,50,50,50,53,
50,54,50,49,49,50,49,53,
50,51,50,50,50,50,50,53,
50,50,50,50,50,50,50,52,
50,51,50,50,49,50,50,53,
49,50,50,50,49,50,49,52,
50,50,49,50,49,49,49,53,
50,50,50,49,50,50,49,52,
50,50,51,50,50,50,49,53,
49,50,50,49,49,49,50,53,
50,50,50,52,49,50,49,52,
49,50,50,50,49,50,49,52,
50,52,50,50,50,52,50,53,
49,50,50,50,50,50,50,53,
50,50,50,50,50,49,49,53,
50,50,50,50,49,50,49,52,
50,50,50,50,50,50,49,53,
50,51,50,50,49,49,49,53,
50,51,50,50,49,49,50,54,
49,51,50,50,50,51,50,53,
50,50,50,50,50,50,49,52,
50,50,50,50,49,50,50,53,
51,50,50,50,49,50,49,52,
50,50,50,50,50,50,49,52,
50,50,50,50,50,50,50,52,
50,50,50,50,50,50,49,53,
50,50,50,50,49,50,49,52,
50,50,51,50,49,50,49,53,
50,50,50,50,51,50,50,53,
50,50,50,50,49,50,49,53,
50,50,50,50,50,50,49,52,
50,50,50,50,49,50,49,53,
50,50,50,50,49,50,50,52,
50,50,50,50,51,50,50,52,
50,50,50,50,49,49,49,52,
50,50,49,50,50,50,49,52,
50,50,50,50,49,50,49,53,
49,50,50,50,50,50,50,52,
50,50,50,51,49,52,49,53,
50,50,50,50,50,50,49,52,
50,50,50,50,50,50,49,52,
49,50,50,49,49,50,49,53,
51,50,50,50,50,50,50,53,
50,50,50,50,50,51,49,52,
50,50,50,50,49,51,50,53,
50,50,51,50,50,49,50,53,
50,50,50,50,49,50,49,53,
51,50,50,49,50,50,50,53,
50,50,50,50,49,50,50,52,
50,54,50,50,49,50,50,53,
50,49,50,50,50,50,50,53,
50,50,50,50,49,50,49,53,
50,49,50,49,50,50,50,53,
49,50,50,50,50,50,50,52,
49,50,50,50,49,50,50,52,
49,50,50,50,50,50,50,54,
50,49,50,51,50,50,50,52,
49,50,50,49,49,50,49,53,
49,50,50,50,49,50,50,52,
50,50,51,51,50,50,49,53,
50,50,51,50,50,51,50,52,
49,50,50,50,50,50,50,52,
49,50,50,49,50,50,49,53,
50,50,50,50,50,50,50,52,
49,50,51,51,50,50,50,53,
50,50,50,50,49,50,49,52,
49,50,50,50,49,50,50,52,
50,50,50,50,49,50,50,53,
50,50,49,50,49,50,49,53,
49,49,50,50,50,49,49,51,
51,50,50,49,50,50,49,53,
50,50,50,50,49,50,49,53,
50,50,50,50,53,50,49,52,
49,50,50,50,49,49,50,52,
49,49,51,49,49,49,50,52,
50,50,50,50,49,50,50,53,
50,50,50,50,49,50,50,52,
53,50,50,50,49,49,51,53,
50,50,50,50,49,50,50,52,
49,50,51,51,49,50,49,52,
49,49,50,49,49,50,50,52,
50,50,50,50,49,50,49,52,
49,49,50,50,49,50,50,52,
50,50,50,50,49,50,49,52,
49,50,50,50,49,49,50,53,
50,49,51,49,49,50,50,53,
49,50,50,50,50,50,50,52,
50,50,50,49,49,50,50,52,
49,49,50,50,49,50,49,52,
50,50,50,50,49,50,49,52,
53,49,50,50,50,49,49,52,
50,50,49,50,49,51,49,52,
50,49,51,50,50,50,50,53,
50,50,50,49,49,50,49,53,
50,50,50,50,49,50,50,53,
50,50,50,50,50,49,50,52,
50,50,50,50,50,51,50,52,
50,49,50,50,49,49,50,52,
50,50,50,49,50,49,50,53,
50,50,50,50,49,50,50,53,
50,49,50,51,49,50,49,52,
49,49,50,49,50,49,50,52,
50,50,50,49,49,51,49,53,
50,50,51,50,50,49,50,52,
51,50,52,49,51,50,49,52,
50,51,50,50,49,50,50,52,
49,50,50,49,50,49,49,53,
51,50,50,49,49,50,49,52,
49,50,51,49,49,50,49,52,
50,50,50,50,49,50,50,52,
50,50,50,50,52,52,51,52,
49,49,51,49,50,50,49,52,
50,50,50,50,49,50,49,52,
49,50,50,49,49,50,50,53,
50,50,50,49,50,50,50,52,
50,50,49,50,49,50,49,53,
49,50,50,53,49,50,49,52,
50,50,50,49,49,50,49,53,
49,50,50,51,50,50,50,52,
50,50,50,49,49,50,50,53,
50,50,51,49,49,51,50,53,
49,50,50,49,50,50,50,53,
50,50,50,49,49,49,49,52,
50,50,50,50,51,50,49,53,
49,50,50,50,50,50,50,53,
50,49,50,49,50,49,50,53,
50,50,49,50,49,50,50,53,
50,50,50,50,50,49,49,52,
50,50,50,50,49,50,53,52,
49,50,50,49,50,50,50,53,
50,50,50,50,49,50,49,52,
50,50,50,49,49,50,49,53,
50,50,50,49,49,50,50,52,
51,50,50,50,49,50,51,53,
50,50,50,49,50,49,49,54,
49,51,50,50,49,49,50,52,
50,50,50,50,49,50,50,53,
50,50,50,50,49,50,50,52,
50,50,50,50,49,49,50,52,
49,51,50,50,50,50,50,52,
49,50,50,49,50,50,50,53,
50,50,50,49,49,50,50,52,
53,50,50,49,49,50,50,52,
53,50,50,49,50,50,50,53,
50,50,50,49,52,49,50,52,
49,50,50,50,49,50,50,53,
49,50,50,49,50,50,49,53,
50,50,50,50,49,50,50,52,
49,50,50,50,49,49,50,52,
50,50,49,49,49,49,49,52,
50,53,49,50,51,49,50,53,
50,50,50,49,49,49,50,53,
50,50,50,50,49,49,49,53,
50,50,51,49,50,50,50,53,
49,50,50,49,49,50,49,53,
49,51,50,49,49,49,50,52,
49,50,50,49,49,50,50,52,
50,50,50,49,49,50,49,53,
50,50,50,49,50,50,49,53,
50,50,51,50,50,50,50,52,
50,50,49,49,48,49,49,53,
49,50,50,50,49,49,49,52,
50,50,50,50,49,50,50,54,
50,50,51,52,49,50,50,53,
50,50,50,50,49,49,50,53,
50,50,50,50,49,50,50,53,
49,49,50,49,50,49,49,53,
50,50,50,50,50,50,50,52,
49,50,50,49,49,50,49,54,
50,50,50,50,52,49,49,52,
50,51,50,50,50,49,49,53,
49,50,50,50,50,50,50,53,
49,50,50,49,49,50,49,52,
50,50,50,49,49,50,49,53,
50,50,51,49,50,50,49,52,
50,50,51,49,50,50,49,53,
49,49,51,50,49,49,50,53,
50,50,51,50,50,50,49,53,
49,50,50,50,49,50,50,52,
49,50,51,50,49,49,50,53,
49,50,51,50,49,49,50,53,
50,50,50,49,49,50,50,52,
49,50,51,50,50,49,49,52,
49,53,50,49,49,49,49,52,
49,50,50,50,50,50,49,53,
49,50,50,50,49,50,50,53,
50,50,50,49,49,50,49,53,
49,50,51,50,50,50,50,53,
49,50,50,50,49,50,50,52,
49,50,51,49,50,50,50,53,
49,50,50,49,50,50,50,54,
49,50,50,50,50,51,50,52,
49,50,50,49,49,50,49,53,
49,50,51,50,50,49,51,52,
50,51,49,50,49,50,50,52,
50,50,50,50,50,50,50,52,
49,53,49,50,50,49,49,53,
49,50,50,50,49,50,50,53,
49,50,51,50,49,49,49,52,
50,50,50,50,50,49,49,53,
49,50,51,50,50,50,50,52,
49,50,50,49,50,50,49,52,
49,50,50,49,50,49,50,52,
49,50,50,50,49,50,50,52,
49,50,51,50,50,50,50,52,
49,50,50,50,49,50,49,53,
49,53,51,50,49,50,51,53,
50,51,50,49,49,50,49,52,
50,50,51,49,49,49,50,52,
49,51,50,50,49,53,49,52,
49,50,52,51,49,50,50,52,
49,50,50,50,50,50,49,53,
50,50,51,50,49,50,49,53,
49,50,50,50,49,49,50,53,
49,50,51,50,49,49,50,52,
49,50,51,50,49,49,50,52,
49,50,50,50,49,50,50,53,
49,50,50,50,51,49,50,52,
50,51,50,50,50,50,49,53,
50,50,50,50,49,49,50,53,
50,50,50,50,49,50,49,53,
49,51,51,50,49,53,49,52,
49,50,50,50,50,49,50,52,
49,50,50,50,49,49,50,53,
50,50,50,50,50,50,49,53,
49,50,49,49,50,49,50,52,
50,50,50,49,49,50,49,53,
49,51,51,50,49,49,49,53,
49,50,51,50,50,50,49,53,
49,50,50,50,50,50,49,53,
49,50,50,50,50,50,50,52,
50,50,50,49,49,50,49,53,
50,49,51,51,49,49,50,52,
50,50,50,49,50,50,49,53,
49,50,51,50,51,49,50,53,
49,50,50,51,50,50,49,52,
49,50,50,51,50,49,50,52,
50,50,50,49,50,49,50,53,
49,50,50,49,50,49,50,52,
50,50,50,50,49,50,50,53,
49,50,50,50,49,49,50,52,
50,50,50,49,49,49,50,52,
50,50,49,50,50,50,49,53,
49,51,49,50,50,50,50,52,
50,50,50,50,49,50,49,53,
50,51,50,50,49,50,51,53,
50,50,50,50,50,49,51,52,
50,49,50,50,50,50,50,52,
49,50,50,50,50,50,49,53,
50,50,51,50,50,49,49,52,
49,50,50,49,50,49,49,53,
50,50,50,50,50,49,49,53,
50,50,50,50,50,50,50,53,
52,50,49,50,49,50,50,53,
49,50,50,50,50,50,50,53,
50,50,49,50,50,50,50,53,
49,50,50,50,49,50,50,52,
49,50,51,50,50,49,50,53,
49,50,50,49,50,50,49,52,
49,50,50,50,49,50,50,52,
50,50,50,50,50,50,49,53,
49,50,50,50,50,49,50,53,
49,50,50,52,49,49,50,53,
50,50,49,50,49,50,49,53,
49,50,50,50,49,50,51,53,
50,50,50,50,50,50,50,54,
49,50,50,50,49,50,49,53,
49,50,50,50,49,50,50,53,
50,50,50,50,49,49,49,53,
49,50,50,50,49,50,49,53,
50,50,51,50,50,49,50,52,
50,49,50,49,49,50,49,53,
50,50,49,50,49,50,50,52,
50,50,51,50,50,50,50,52,
50,50,50,50,50,50,50,53,
50,50,50,50,49,49,49,52,
50,50,50,50,49,49,49,53,
49,50,50,50,50,49,49,53,
50,50,49,49,49,50,49,53,
49,50,50,50,50,50,49,53,
50,50,50,50,53,49,49,53,
50,52,50,50,49,49,49,53,
49,50,50,50,49,49,49,52,
49,49,50,50,50,49,49,52,
50,50,49,50,49,50,49,53,
50,50,49,50,50,50,49,53,
49,50,50,50,50,49,52,52,
52,50,50,50,49,50,49,52,
49,50,50,50,50,49,49,52,
50,50,50,50,49,50,49,53,
50,51,50,50,49,50,49,53,
49,50,50,50,49,49,49,53,
50,50,50,49,49,50,49,53,
49,49,50,50,50,50,50,52,
50,50,50,50,49,50,49,53,
50,49,50,50,50,50,49,53,
49,50,51,50,50,50,49,53,
50,50,50,50,49,49,50,53,
50,50,50,50,49,51,49,53,
49,50,50,50,50,50,50,52,
52,50,50,49,49,50,49,53,
49,51,50,50,50,50,49,52,
49,50,52,50,49,50,50,53,
50,50,50,50,50,50,49,53,
49,50,50,50,49,50,50,52,
50,50,50,51,49,50,49,53,
50,50,50,50,49,50,49,53,
50,50,49,50,50,51,50,52,
50,50,49,52,50,50,50,52,
50,50,49,50,50,51,49,53,
50,49,50,50,50,50,50,52,
52,50,50,50,50,50,49,53,
49,49,51,50,50,50,50,51,
50,50,50,49,49,50,49,53,
50,50,50,50,50,50,50,52,
50,50,50,49,50,50,49,52,
50,50,49,51,49,50,49,53,
49,50,50,50,50,50,49,52,
50,49,50,50,50,50,50,52,
50,50,50,51,50,50,49,52,
49,49,50,49,49,50,49,53,
50,50,50,50,49,50,51,52,
50,50,50,49,50,51,49,53,
53,50,50,49,50,49,50,53,
50,50,52,49,49,50,49,52,
50,51,50,50,50,49,50,52,
50,50,50,50,49,52,50,52,
50,50,50,50,50,50,50,52,
50,51,50,50,49,49,50,52,
50,50,50,50,50,49,49,52,
50,51,50,51,49,50,50,53,
50,50,50,50,49,50,50,53,
49,50,50,50,50,49,50,52,
50,50,50,50,49,49,50,52,
50,50,50,50,50,50,51,53,
50,51,50,50,49,50,49,52,
50,50,50,50,50,50,50,52,
51,50,50,50,50,50,49,52,
50,50,50,50,49,51,49,52,
50,50,50,49,49,50,50,52,
49,50,50,49,50,50,50,52,
50,50,50,51,49,50,49,53,
49,50,50,50,50,49,50,52,
50,50,50,49,49,50,50,52,
49,50,50,50,50,50,50,52,
51,50,50,50,49,49,50,52,
50,50,50,50,49,49,49,52,
49,49,50,50,50,50,49,53,
50,50,49,49,49,50,49,52,
49,50,50,50,50,50,50,52,
50,49,51,50,50,50,50,52,
50,53,50,50,50,50,49,52,
49,50,50,50,50,50,49,52,
50,49,50,50,50,50,49,52,
50,50,50,50,49,49,49,52,
50,50,50,50,50,49,50,52,
49,50,51,50,49,50,50,52,
50,50,50,50,49,50,49,53,
51,49,51,50,50,50,50,52,
50,50,50,50,49,50,49,53,
50,49,50,50,49,49,49,52,
50,50,50,49,50,49,49,52,
50,49,51,49,50,50,50,52,
50,50,50,49,50,50,50,53,
50,50,50,50,50,49,50,52,
50,50,50,49,49,50,49,53,
50,49,50,50,50,50,49,52,
49,50,50,49,50,50,49,52,
49,49,50,50,49,50,50,52,
50,50,50,50,49,50,49,53,
50,50,49,50,49,51,50,52,
49,50,50,50,50,49,50,52,
50,50,52,50,49,50,50,53,
50,50,50,50,49,50,50,53,
51,50,50,50,49,50,50,53,
51,50,50,50,49,50,49,52,
50,51,50,50,49,50,50,52,
50,50,50,49,51,50,50,52,
50,50,49,49,49,50,50,53,
49,49,50,50,50,50,49,52,
50,50,50,50,49,51,50,53,
50,50,50,50,49,50,50,52,
50,50,50,49,49,50,49,52,
50,49,50,50,52,50,49,52,
50,49,50,50,49,50,50,53,
50,50,50,50,49,49,49,52,
49,50,49,50,49,50,50,52,
