0,0,0,0,0,0,0,
1,0,0,0,0,0,0,
2,1,0.2,0.2,0,0,0,
3,2,0.2,0.2,0,0,0,
4,3,0.2,0.2,0.00199962,0,0,
5,4,0.2,0.2,0.00410449,0,0,
6,5,0.2,0.2,0.00610411,0,0,
7,6,0.2,0.2,0.00820898,0,0,
8,7,0.2,0.2,0.0102086,0,0,
9,8,0.2,0.2,0.0123135,0,0,
10,9,0.2,0.2,0.0143131,0,0,
11,10,0.2,0.2,0.016418,0,0,
12,11,0.2,0.2,0.0184176,0,0,
13,12,0.2,0.2,0.0205225,0,0,
14,13,0.2,0.2,0.0225221,0,0,
15,14,0.2,0.2,0.0246269,0,0,
16,15,0.2,0.2,0.0266266,0,0,
17,16,0.2,0.2,0.0287314,0,0,
18,17,0.2,0.2,0.0307311,0,0,
19,18,0.2,0.2,0.0328359,0,0,
20,19,0.2,0.2,0.0348356,0,0,
21,20,0.2,0.2,0.0369404,0,0,
22,21,0.2,0.2,0.03894,0,0,
23,22,0.2,0.2,0.0410449,0,0,
24,23,0.2,0.2,0.0430445,0,0,
25,24,0.2,0.2,0.0451494,0,0,
26,25,0.2,0.2,0.047149,0,0,
27,26,0.2,0.2,0.0492539,0,0,
28,27,0.2,0.2,0.0513588,0,0,
29,28,0.2,0.2,0.0533584,0,0,
30,29,0.2,0.2,0.0554632,0,0,
31,30,0.2,0.2,0.0574629,0,0,
32,31,0.2,0.2,0.0595677,0,0,
33,32,0.2,0.2,0.0615674,0,0,
34,33,0.2,0.2,0.0636722,0,0,
35,34,0.2,0.2,0.0656719,0,0,
36,35,0.2,0.2,0.0677767,0,0,
37,36,0.2,0.2,0.0697763,0,0,
38,37,0.2,0.2,0.0718812,0,0,
39,38,0.2,0.2,0.0738808,0,0,
40,39,0.2,0.2,0.0759857,0,0,
41,40,0.2,0.2,0.0779853,0,0,
42,41,0.2,0.2,0.0800902,0,0,
43,42,0.2,0.2,0.0820898,0,0,
44,43,0.2,0.2,0.0841947,0,0,
45,44,0.2,0.2,0.0861943,0,0,
46,45,0.2,0.2,0.0882992,0,0,
47,46,0.2,0.2,0.0902988,0,0,
48,47,0.2,0.2,0.0924037,0,0,
49,48,0.2,0.2,0.0944033,0,0,
50,49,0.2,0.2,0.0965082,0,0,
51,50,0.2,0.2,0.098613,0,0,
52,51,0.2,0.2,0.100613,0,0,
53,52,0.2,0.2,0.102718,0,0,
54,53,0.2,0.2,0.104717,0,0,
55,54,0.2,0.2,0.106822,0,0,
56,55,0.2,0.2,0.108822,0,0,
57,56,0.2,0.2,0.110926,0,0,
58,57,0.2,0.2,0.112926,0,0,
59,58,0.2,0.2,0.115031,0,0,
60,59,0.2,0.2,0.117031,0,0,
61,60,0.2,0.2,0.119135,0,0,
62,61,0.2,0.2,0.121135,0,0,
63,62,0.2,0.2,0.12324,0,0,
64,63,0.2,0.2,0.12524,0,0,
65,64,0.2,0.2,0.127344,0,0,
66,65,0.2,0.2,0.129344,0,0,
67,66,0.2,0.2,0.131449,0,0,
68,67,0.2,0.2,0.133449,0,0,
69,68,0.2,0.2,0.135553,0,0,
70,69,0.2,0.2,0.137553,0,0,
71,70,0.2,0.2,0.139658,0,0,
72,71,0.2,0.2,0.141658,0,0,
73,72,0.2,0.2,0.143762,0,0,
74,73,0.2,0.2,0.145867,0,0,
75,74,0.2,0.2,0.147867,0,0,
76,75,0.2,0.2,0.149972,0,0,
77,76,0.2,0.2,0.151971,0,0,
78,77,0.2,0.2,0.154076,0,0,
79,78,0.2,0.2,0.156076,0,0,
80,79,0.2,0.2,0.158181,0,0,
81,80,0.2,0.2,0.16018,0,0,
82,81,0.2,0.2,0.162285,0,0,
83,82,0.2,0.2,0.164285,0,0,
84,83,0.2,0.2,0.16639,0,0,
85,84,0.2,0.2,0.168389,0,0,
86,85,0.2,0.2,0.170494,0,0,
87,86,0.2,0.2,0.172494,0,0,
88,87,0.2,0.2,0.174599,0,0,
89,88,0.2,0.2,0.176598,0,0,
90,89,0.2,0.2,0.178703,0,0,
91,90,0.2,0.2,0.180703,0,0,
92,91,0.2,0.2,0.182808,0,0,
93,92,0.2,0.2,0.184807,0,0,
94,93,0.2,0.2,0.186912,0,0,
95,94,0.2,0.2,0.188912,0,0,
96,95,0.2,0.2,0.191017,0,0,
97,96,0.2,0.2,0.193122,0,0,
98,97,0.2,0.2,0.195121,0,0,
99,98,0.2,0.2,0.197226,0,0,
100,99,0.2,0.2,0.199226,0,0,
101,100,0.2,0.2,0.201331,0,0,
102,101,0.2,0.2,0.20333,0,0,
103,102,0.2,0.2,0.205435,0,0,
104,103,0.2,0.2,0.207435,0,0,
105,104,0.2,0.2,0.20954,0,0,
106,105,0.2,0.2,0.211539,0,0,
107,106,0.2,0.2,0.213644,0,0,
108,107,0.2,0.2,0.215644,0,0,
109,108,0.2,0.2,0.217748,0,0,
110,109,0.2,0.2,0.219748,0,0,
111,110,0.2,0.2,0.221853,0,0,
112,111,0.2,0.2,0.223853,0,0,
113,112,0.2,0.2,0.225957,0,0,
114,113,0.2,0.2,0.227957,0,0,
115,114,0.2,0.2,0.230062,0,0,
116,115,0.2,0.2,0.232062,0,0,
117,116,0.2,0.2,0.234166,0,0,
118,117,0.2,0.2,0.236166,0,0,
119,118,0.2,0.2,0.238271,0,0,
120,119,0.2,0.2,0.240376,0,0,
121,120,0.2,0.2,0.242375,0,0,
122,121,0.2,0.2,0.24448,0,0,
123,122,0.2,0.2,0.24648,0,0,
124,123,0.2,0.2,0.248585,0,0,
125,124,0.2,0.2,0.250584,0,0,
126,125,0.2,0.2,0.252689,0,0,
127,126,0.2,0.2,0.254689,0,0,
128,127,0.2,0.2,0.256794,0,0,
129,128,0.2,0.2,0.258793,0,0,
130,129,0.2,0.2,0.260898,0,0,
131,130,0.2,0.2,0.262898,0,0,
132,131,0.2,0.2,0.265003,0,0,
133,132,0.2,0.2,0.267002,0,0,
134,133,0.2,0.2,0.269107,0,0,
135,134,0.2,0.2,0.271107,0,0,
136,135,0.2,0.2,0.273212,0,0,
137,136,0.2,0.2,0.275211,0,0,
138,137,0.2,0.2,0.277316,0,0,
139,138,0.2,0.2,0.279316,0,0,
140,139,0.2,0.2,0.281421,0,0,
141,140,0.2,0.2,0.28342,0,0,
142,141,0.2,0.2,0.285525,0,0,
143,142,0.2,0.2,0.28763,0,0,
144,143,0.2,0.2,0.28963,0,0,
145,144,0.2,0.2,0.291735,0,0,
146,145,0.2,0.2,0.293734,0,0,
147,146,0.2,0.2,0.295839,0,0,
148,147,0.2,0.2,0.297839,0,0,
149,148,0.2,0.2,0.299944,0,0,
150,149,0.2,0.2,0.301943,0,0,
151,150,0.2,0.2,0.304048,0,0,
152,151,0.2,0.2,0.306048,0,0,
153,152,0.2,0.2,0.308153,0,0,
154,153,0.2,0.2,0.310152,0,0,
155,154,0.2,0.2,0.312257,0,0,
156,155,0.2,0.2,0.314257,0,0,
157,156,0.2,0.2,0.316362,0,0,
158,157,0.2,0.2,0.318361,0,0,
159,158,0.2,0.2,0.320466,0,0,
160,159,0.2,0.2,0.322466,0,0,
161,160,0.2,0.2,0.324571,0,0,
162,161,0.2,0.2,0.32657,0,0,
163,162,0.2,0.2,0.328675,0,0,
164,163,0.2,0.2,0.330675,0,0,
165,164,0.2,0.2,0.332779,0,0,
166,165,0.2,0.2,0.334884,0,0,
167,166,0.2,0.2,0.336884,0,0,
168,167,0.2,0.2,0.338989,0,0,
169,168,0.2,0.2,0.340988,0,0,
170,169,0.2,0.2,0.343093,0,0,
171,170,0.2,0.2,0.345093,0,0,
172,171,0.2,0.2,0.347198,0,0,
173,172,0.2,0.2,0.349197,0,0,
174,173,0.2,0.2,0.351302,0,0,
175,174,0.2,0.2,0.353302,0,0,
176,175,0.2,0.2,0.355407,0,0,
177,176,0.2,0.2,0.357406,0,0,
178,177,0.2,0.2,0.359511,0,0,
179,178,0.2,0.2,0.361511,0,0,
180,179,0.2,0.2,0.363616,0,0,
181,180,0.2,0.2,0.365615,0,0,
182,181,0.2,0.2,0.36772,0,0,
183,182,0.2,0.2,0.36972,0,0,
184,183,0.2,0.2,0.371825,0,0,
185,184,0.2,0.2,0.373824,0,0,
186,185,0.2,0.2,0.375929,0,0,
187,186,0.2,0.2,0.377929,0,0,
188,187,0.2,0.2,0.380034,0,0,
189,188,0.2,0.2,0.382139,0,0,
190,189,0.2,0.2,0.384138,0,0,
191,190,0.2,0.2,0.386243,0,0,
192,191,0.2,0.2,0.388243,0,0,
193,192,0.2,0.2,0.390348,0,0,
194,193,0.2,0.2,0.392347,0,0,
195,194,0.2,0.2,0.394452,0,0,
196,195,0.2,0.2,0.396452,0,0,
197,196,0.2,0.2,0.398557,0,0,
198,197,0.2,0.2,0.400556,0,0,
199,198,0.2,0.2,0.402661,0,0,
200,199,0.2,0.2,0.404661,0,0,
201,200,0.2,0.2,0.406766,0,0,
202,201,0.2,0.2,0.408765,0,0,
203,202,0.2,0.2,0.41087,0,0,
204,203,0.2,0.2,0.41287,0,0,
205,204,0.2,0.2,0.414975,0,0,
206,205,0.2,0.2,0.416974,0,0,
207,206,0.2,0.2,0.419079,0,0,
208,207,0.2,0.2,0.421079,0,0,
209,208,0.2,0.2,0.423184,0,0,
210,209,0.2,0.2,0.425183,0,0,
211,210,0.2,0.2,0.427288,0,0,
212,211,0.2,0.2,0.429393,0,0,
213,212,0.2,0.2,0.431393,0,0,
214,213,0.2,0.2,0.433497,0,0,
215,214,0.2,0.2,0.435497,0,0,
216,215,0.2,0.2,0.437602,0,0,
217,216,0.2,0.2,0.439601,0,0,
218,217,0.2,0.2,0.441706,0,0,
219,218,0.2,0.2,0.443706,0,0,
220,219,0.2,0.2,0.445811,0,0,
221,220,0.2,0.2,0.44781,0,0,
222,221,0.2,0.2,0.449915,0,0,
223,222,0.2,0.2,0.451915,0,0,
224,223,0.2,0.2,0.45402,0,0,
225,224,0.2,0.2,0.456019,0,0,
226,225,0.2,0.2,0.458124,0,0,
227,226,0.2,0.2,0.460124,0,0,
228,227,0.2,0.2,0.462229,0,0,
229,228,0.2,0.2,0.464228,0,0,
230,229,0.2,0.2,0.466333,0,0,
231,230,0.2,0.2,0.468333,0,0,
232,231,0.2,0.2,0.470438,0,0,
233,232,0.2,0.2,0.472437,0,0,
234,233,0.2,0.2,0.474542,0,0,
235,234,0.2,0.2,0.476647,0,0,
236,235,0.2,0.2,0.478647,0,0,
237,236,0.2,0.2,0.480752,0,0,
238,237,0.2,0.2,0.482751,0,0,
239,238,0.2,0.2,0.484856,0,0,
240,239,0.2,0.2,0.486856,0,0,
241,240,0.2,0.2,0.488961,0,0,
242,241,0.2,0.2,0.49096,0,0,
243,242,0.2,0.2,0.493065,0,0,
244,243,0.2,0.2,0.495065,0,0,
245,244,0.2,0.2,0.49717,0,0,
246,245,0.2,0.2,0.499169,0,0,
247,246,0.2,0.2,0.501274,0,0,
248,247,0.2,0.2,0.503274,0,0,
249,248,0.2,0.2,0.505379,0,0,
250,249,0.2,0.2,0.507378,0,0,
251,250,0.2,0.2,0.509483,0,0,
252,251,0.2,0.2,0.511483,0,0,
253,252,0.2,0.2,0.513588,0,0,
254,253,0.2,0.2,0.515587,0,0,
255,254,0.2,0.2,0.517692,0,0,
256,255,0.2,0.2,0.519692,0,0,
257,256,0.2,0.2,0.521797,0,0,
258,257,0.2,0.2,0.523901,0,0,
259,258,0.2,0.2,0.525901,0,0,
260,259,0.2,0.2,0.528006,0,0,
261,260,0.2,0.2,0.530006,0,0,
262,261,0.2,0.2,0.53211,0,0,
263,262,0.2,0.2,0.53411,0,0,
264,263,0.2,0.2,0.536215,0,0,
265,264,0.2,0.2,0.538215,0,0,
266,265,0.2,0.2,0.540319,0,0,
267,266,0.2,0.2,0.542319,0,0,
268,267,0.2,0.2,0.544424,0,0,
269,268,0.2,0.2,0.546423,0,0,
270,269,0.2,0.2,0.548528,0,0,
271,270,0.2,0.2,0.550528,0,0,
272,271,0.2,0.2,0.552633,0,0,
273,272,0.2,0.2,0.554632,0,0,
274,273,0.2,0.2,0.556737,0,0,
275,274,0.2,0.2,0.558737,0,0,
276,275,0.2,0.2,0.560842,0,0,
277,276,0.2,0.2,0.562841,0,0,
278,277,0.2,0.2,0.564946,0,0,
279,278,0.2,0.2,0.566946,0,0,
280,279,0.2,0.2,0.569051,0,0,
281,280,0.2,0.2,0.571156,0,0,
282,281,0.2,0.2,0.573155,0,0,
283,282,0.2,0.2,0.57526,0,0,
284,283,0.2,0.2,0.57726,0,0,
285,284,0.2,0.2,0.579365,0,0,
286,285,0.2,0.2,0.581364,0,0,
287,286,0.2,0.2,0.583469,0,0,
288,287,0.2,0.2,0.585469,0,0,
289,288,0.2,0.2,0.587574,0,0,
290,289,0.2,0.2,0.589573,0,0,
291,290,0.2,0.2,0.591678,0,0,
292,291,0.2,0.2,0.593678,0,0,
293,292,0.2,0.2,0.595783,0,0,
294,293,0.2,0.2,0.597782,0,0,
295,294,0.2,0.2,0.599887,0,0,
296,295,0.2,0.2,0.601887,0,0,
297,296,0.2,0.2,0.603992,0,0,
298,297,0.2,0.2,0.605991,0,0,
299,298,0.2,0.2,0.608096,0,0,
300,299,0.2,0.2,0.610096,0,0,
301,300,0.2,0.2,0.612201,0,0,
302,301,0.2,0.2,0.6142,0,0,
303,302,0.2,0.2,0.616305,0,0,
304,303,0.2,0.2,0.61841,0,0,
305,304,0.2,0.2,0.62041,0,0,
306,305,0.2,0.2,0.622514,0,0,
307,306,0.2,0.2,0.624514,0,0,
308,307,0.2,0.2,0.626619,0,0,
309,308,0.2,0.2,0.628619,0,0,
310,309,0.2,0.2,0.630723,0,0,
311,310,0.2,0.2,0.632723,0,0,
312,311,0.2,0.2,0.634828,0,0,
313,312,0.2,0.2,0.636828,0,0,
314,313,0.2,0.2,0.638932,0,0,
315,314,0.2,0.2,0.640932,0,0,
316,315,0.2,0.2,0.643037,0,0,
317,316,0.2,0.2,0.645037,0,0,
318,317,0.2,0.2,0.647141,0,0,
319,318,0.2,0.2,0.649141,0,0,
320,319,0.2,0.2,0.651246,0,0,
321,320,0.2,0.2,0.653245,0,0,
322,321,0.2,0.2,0.65535,0,0,
323,322,0.2,0.2,0.65735,0,0,
324,323,0.2,0.2,0.659455,0,0,
325,324,0.2,0.2,0.661454,0,0,
326,325,0.2,0.2,0.663559,0,0,
327,326,0.2,0.2,0.665664,0,0,
328,327,0.2,0.2,0.667664,0,0,
329,328,0.2,0.2,0.669769,0,0,
330,329,0.2,0.2,0.671768,0,0,
331,330,0.2,0.2,0.673873,0,0,
332,331,0.2,0.2,0.675873,0,0,
333,332,0.2,0.2,0.677978,0,0,
334,333,0.2,0.2,0.679977,0,0,
335,334,0.2,0.2,0.682082,0,0,
336,335,0.2,0.2,0.684082,0,0,
337,336,0.2,0.2,0.686187,0,0,
338,337,0.2,0.2,0.688186,0,0,
339,338,0.2,0.2,0.690291,0,0,
340,339,0.2,0.2,0.692291,0,0,
341,340,0.2,0.2,0.694396,0,0,
342,341,0.2,0.2,0.696395,0,0,
343,342,0.2,0.2,0.6985,0,0,
344,343,0.2,0.2,0.7005,0,0,
345,344,0.2,0.2,0.702605,0,0,
346,345,0.2,0.2,0.704604,0,0,
347,346,0.2,0.2,0.706709,0,0,
348,347,0.2,0.2,0.708709,0,0,
349,348,0.2,0.2,0.710814,0,0,
350,349,0.2,0.2,0.712918,0,0,
351,350,0.2,0.2,0.714918,0,0,
352,351,0.2,0.2,0.717023,0,0,
353,352,0.2,0.2,0.719023,0,0,
354,353,0.2,0.2,0.721127,0,0,
355,354,0.2,0.2,0.723127,0,0,
356,355,0.2,0.2,0.725232,0,0,
357,356,0.2,0.2,0.727232,0,0,
358,357,0.2,0.2,0.729336,0,0,
359,358,0.2,0.2,0.731336,0,0,
360,359,0.2,0.2,0.733441,0,0,
361,360,0.2,0.2,0.735441,0,0,
362,361,0.2,0.2,0.737545,0,0,
363,362,0.2,0.2,0.739545,0,0,
364,363,0.2,0.2,0.74165,0,0,
365,364,0.2,0.2,0.74365,0,0,
366,365,0.2,0.2,0.745754,0,0,
367,366,0.2,0.2,0.747754,0,0,
368,367,0.2,0.2,0.749859,0,0,
369,368,0.2,0.2,0.751859,0,0,
370,369,0.2,0.2,0.753963,0,0,
371,370,0.2,0.2,0.755963,0,0,
372,371,0.2,0.2,0.758068,0,0,
373,372,0.2,0.2,0.760173,0,0,
374,373,0.2,0.2,0.762172,0,0,
375,374,0.2,0.2,0.764277,0,0,
376,375,0.2,0.2,0.766277,0,0,
377,376,0.2,0.2,0.768382,0,0,
378,377,0.2,0.2,0.770381,0,0,
379,378,0.2,0.2,0.772486,0,0,
380,379,0.2,0.2,0.774486,0,0,
381,380,0.2,0.2,0.776591,0,0,
382,381,0.2,0.2,0.77859,0,0,
383,382,0.2,0.2,0.780695,0,0,
384,383,0.2,0.2,0.782695,0,0,
385,384,0.2,0.2,0.7848,0,0,
386,385,0.2,0.2,0.786799,0,0,
387,386,0.2,0.2,0.788904,0,0,
388,387,0.2,0.2,0.790904,0,0,
389,388,0.2,0.2,0.793009,0,0,
390,389,0.2,0.2,0.795008,0,0,
391,390,0.2,0.2,0.797113,0,0,
392,391,0.2,0.2,0.799113,0,0,
393,392,0.2,0.2,0.801218,0,0,
394,393,0.2,0.2,0.803217,0,0,
395,394,0.2,0.2,0.805322,0,0,
396,395,0.2,0.2,0.807427,0,0,
397,396,0.2,0.2,0.809427,0,0,
398,397,0.2,0.2,0.811532,0,0,
399,398,0.2,0.2,0.813531,0,0,
400,399,0.2,0.2,0.815636,0,0,
401,400,0.2,0.2,0.817636,0,0,
402,401,0.2,0.2,0.81974,0,0,
403,402,0.2,0.2,0.82174,0,0,
404,403,0.2,0.2,0.823845,0,0,
405,404,0.2,0.2,0.825845,0,0,
406,405,0.2,0.2,0.827949,0,0,
407,406,0.2,0.2,0.829949,0,0,
408,407,0.2,0.2,0.832054,0,0,
409,408,0.2,0.2,0.834054,0,0,
410,409,0.2,0.2,0.836158,0,0,
411,410,0.2,0.2,0.838158,0,0,
412,411,0.2,0.2,0.840263,0,0,
413,412,0.2,0.2,0.842263,0,0,
414,413,0.2,0.2,0.844367,0,0,
415,414,0.2,0.2,0.846367,0,0,
416,415,0.2,0.2,0.848472,0,0,
417,416,0.2,0.2,0.850472,0,0,
418,417,0.2,0.2,0.852576,0,0,
419,418,0.2,0.2,0.854681,0,0,
420,419,0.2,0.2,0.856681,0,0,
421,420,0.2,0.2,0.858786,0,0,
422,421,0.2,0.2,0.860785,0,0,
423,422,0.2,0.2,0.86289,0,0,
424,423,0.2,0.2,0.86489,0,0,
425,424,0.2,0.2,0.866995,0,0,
426,425,0.2,0.2,0.868994,0,0,
427,426,0.2,0.2,0.871099,0,0,
428,427,0.2,0.2,0.873099,0,0,
429,428,0.2,0.2,0.875204,0,0,
430,429,0.2,0.2,0.877203,0,0,
431,430,0.2,0.2,0.879308,0,0,
432,431,0.2,0.2,0.881308,0,0,
433,432,0.2,0.2,0.883413,0,0,
434,433,0.2,0.2,0.885412,0,0,
435,434,0.2,0.2,0.887517,0,0,
436,435,0.2,0.2,0.889517,0,0,
437,436,0.2,0.2,0.891622,0,0,
438,437,0.2,0.2,0.893621,0,0,
439,438,0.2,0.2,0.895726,0,0,
440,439,0.2,0.2,0.897726,0,0,
441,440,0.2,0.2,0.899831,0,0,
442,441,0.2,0.2,0.901936,0,0,
443,442,0.2,0.2,0.903935,0,0,
444,443,0.2,0.2,0.90604,0,0,
445,444,0.2,0.2,0.90804,0,0,
446,445,0.2,0.2,0.910145,0,0,
447,446,0.2,0.2,0.912144,0,0,
448,447,0.2,0.2,0.914249,0,0,
449,448,0.2,0.2,0.916249,0,0,
450,449,0.2,0.2,0.918354,0,0,
451,450,0.2,0.2,0.920353,0,0,
452,451,0.2,0.2,0.922458,0,0,
453,452,0.2,0.2,0.924458,0,0,
454,453,0.2,0.2,0.926562,0,0,
455,454,0.2,0.2,0.928562,0,0,
456,455,0.2,0.2,0.930667,0,0,
457,456,0.2,0.2,0.932667,0,0,
458,457,0.2,0.2,0.934771,0,0,
459,458,0.2,0.2,0.936771,0,0,
460,459,0.2,0.2,0.938876,0,0,
461,460,0.2,0.2,0.940876,0,0,
462,461,0.2,0.2,0.94298,0,0,
463,462,0.2,0.2,0.94498,0,0,
464,463,0.2,0.2,0.947085,0,0,
465,464,0.2,0.2,0.94919,0,0,
466,465,0.2,0.2,0.951189,0,0,
467,466,0.2,0.2,0.953294,0,0,
468,467,0.2,0.2,0.955294,0,0,
469,468,0.2,0.2,0.957399,0,0,
470,469,0.2,0.2,0.959398,0,0,
471,470,0.2,0.2,0.961503,0,0,
472,471,0.2,0.2,0.963503,0,0,
473,472,0.2,0.2,0.965608,0,0,
474,473,0.2,0.2,0.967607,0,0,
475,474,0.2,0.2,0.969712,0,0,
476,475,0.2,0.2,0.971712,0,0,
477,476,0.2,0.2,0.973817,0,0,
478,477,0.2,0.2,0.975816,0,0,
479,478,0.2,0.2,0.977921,0,0,
480,479,0.2,0.2,0.979921,0,0,
481,480,0.2,0.2,0.982026,0,0,
482,481,0.2,0.2,0.984025,0,0,
483,482,0.2,0.2,0.98613,0,0,
484,483,0.2,0.2,0.98813,0,0,
485,484,0.2,0.2,0.990235,0,0,
486,485,0.2,0.2,0.992234,0,0,
487,486,0.2,0.2,0.994339,0,0,
488,487,0.2,0.2,0.996444,0,0,
489,488,0.2,0.2,0.998444,0,0,
490,489,0.2,0.2,1.00055,0,0,
491,490,0.2,0.2,1.00255,0,0,
492,491,0.2,0.2,1.00465,0,0,
493,492,0.2,0.2,1.00665,0,0,
494,493,0.2,0.2,1.00876,0,0,
495,494,0.2,0.2,1.01076,0,0,
496,495,0.2,0.2,1.01286,0,0,
497,496,0.2,0.2,1.01486,0,0,
498,497,0.2,0.2,1.01697,0,0,
499,498,0.2,0.2,1.01897,0,0,
500,499,0.2,0.2,1.02107,0,0,
501,500,0.2,0.2,1.02307,0,0,
502,501,0.2,0.2,1.02518,0,0,
503,502,0.2,0.2,1.02718,0,0,
504,503,0.2,0.2,1.02928,0,0,
505,504,0.2,0.2,1.03128,0,0,
506,505,0.2,0.2,1.03338,0,0,
507,506,0.2,0.2,1.03538,0,0,
508,507,0.2,0.2,1.03749,0,0,
509,508,0.2,0.2,1.03949,0,0,
510,509,0.2,0.2,1.04159,0,0,
511,510,0.2,0.2,1.0437,0,0,
512,511,0.2,0.2,1.0457,0,0,
513,512,0.2,0.2,1.0478,0,0,
514,513,0.2,0.2,1.0498,0,0,
515,514,0.2,0.2,1.05191,0,0,
516,515,0.2,0.2,1.05391,0,0,
517,516,0.2,0.2,1.05601,0,0,
518,517,0.2,0.2,1.05801,0,0,
519,518,0.2,0.2,1.06012,0,0,
520,519,0.2,0.2,1.06212,0,0,
521,520,0.2,0.2,1.06422,0,0,
522,521,0.2,0.2,1.06622,0,0,
523,522,0.2,0.2,1.06833,0,0,
524,523,0.2,0.2,1.07032,0,0,
525,524,0.2,0.2,1.07243,0,0,
526,525,0.2,0.2,1.07443,0,0,
527,526,0.2,0.2,1.07653,0,0,
528,527,0.2,0.2,1.07853,0,0,
529,528,0.2,0.2,1.08064,0,0,
530,529,0.2,0.2,1.08264,0,0,
531,530,0.2,0.2,1.08474,0,0,
532,531,0.2,0.2,1.08674,0,0,
533,532,0.2,0.2,1.08885,0,0,
534,533,0.2,0.2,1.09095,0,0,
535,534,0.2,0.2,1.09295,0,0,
536,535,0.2,0.2,1.09506,0,0,
537,536,0.2,0.2,1.09706,0,0,
538,537,0.2,0.2,1.09916,0,0,
539,538,0.2,0.2,1.10116,0,0,
540,539,0.2,0.2,1.10327,0,0,
541,540,0.2,0.2,1.10527,0,0,
542,541,0.2,0.2,1.10737,0,0,
543,542,0.2,0.2,1.10937,0,0,
544,543,0.2,0.2,1.11148,0,0,
545,544,0.2,0.2,1.11347,0,0,
546,545,0.2,0.2,1.11558,0,0,
547,546,0.2,0.2,1.11758,0,0,
548,547,0.2,0.2,1.11968,0,0,
549,548,0.2,0.2,1.12168,0,0,
550,549,0.2,0.2,1.12379,0,0,
551,550,0.2,0.2,1.12579,0,0,
552,551,0.2,0.2,1.12789,0,0,
553,552,0.2,0.2,1.12989,0,0,
554,553,0.2,0.2,1.132,0,0,
555,554,0.2,0.2,1.134,0,0,
556,555,0.2,0.2,1.1361,0,0,
557,556,0.2,0.2,1.13821,0,0,
558,557,0.2,0.2,1.14021,0,0,
559,558,0.2,0.2,1.14231,0,0,
560,559,0.2,0.2,1.14431,0,0,
561,560,0.2,0.2,1.14642,0,0,
562,561,0.2,0.2,1.14842,0,0,
563,562,0.2,0.2,1.15052,0,0,
564,563,0.2,0.2,1.15252,0,0,
565,564,0.2,0.2,1.15462,0,0,
566,565,0.2,0.2,1.15662,0,0,
567,566,0.2,0.2,1.15873,0,0,
568,567,0.2,0.2,1.16073,0,0,
569,568,0.2,0.2,1.16283,0,0,
570,569,0.2,0.2,1.16483,0,0,
571,570,0.2,0.2,1.16694,0,0,
572,571,0.2,0.2,1.16894,0,0,
573,572,0.2,0.2,1.17104,0,0,
574,573,0.2,0.2,1.17304,0,0,
575,574,0.2,0.2,1.17515,0,0,
576,575,0.2,0.2,1.17715,0,0,
577,576,0.2,0.2,1.17925,0,0,
578,577,0.2,0.2,1.18125,0,0,
579,578,0.2,0.2,1.18336,0,0,
580,579,0.2,0.2,1.18546,0,0,
581,580,0.2,0.2,1.18746,0,0,
582,581,0.2,0.2,1.18957,0,0,
583,582,0.2,0.2,1.19157,0,0,
584,583,0.2,0.2,1.19367,0,0,
585,584,0.2,0.2,1.19567,0,0,
586,585,0.2,0.2,1.19777,0,0,
587,586,0.2,0.2,1.19977,0,0,
588,587,0.2,0.2,1.20188,0,0,
589,588,0.2,0.2,1.20388,0,0,
590,589,0.2,0.2,1.20598,0,0,
591,590,0.2,0.2,1.20798,0,0,
592,591,0.2,0.2,1.21009,0,0,
593,592,0.2,0.2,1.21209,0,0,
594,593,0.2,0.2,1.21419,0,0,
595,594,0.2,0.2,1.21619,0,0,
596,595,0.2,0.2,1.2183,0,0,
597,596,0.2,0.2,1.2203,0,0,
598,597,0.2,0.2,1.2224,0,0,
599,598,0.2,0.2,1.2244,0,0,
600,599,0.2,0.2,1.22651,0,0,
601,600,0.2,0.2,1.22851,0,0,
602,601,0.2,0.2,1.23061,0,0,
603,602,0.2,0.2,1.23272,0,0,
604,603,0.2,0.2,1.23472,0,0,
605,604,0.2,0.2,1.23682,0,0,
606,605,0.2,0.2,1.23882,0,0,
607,606,0.2,0.2,1.24092,0,0,
608,607,0.2,0.2,1.24292,0,0,
609,608,0.2,0.2,1.24503,0,0,
610,609,0.2,0.2,1.24703,0,0,
611,610,0.2,0.2,1.24913,0,0,
612,611,0.2,0.2,1.25113,0,0,
613,612,0.2,0.2,1.25324,0,0,
614,613,0.2,0.2,1.25524,0,0,
615,614,0.2,0.2,1.25734,0,0,
616,615,0.2,0.2,1.25934,0,0,
617,616,0.2,0.2,1.26145,0,0,
618,617,0.2,0.2,1.26345,0,0,
619,618,0.2,0.2,1.26555,0,0,
620,619,0.2,0.2,1.26755,0,0,
621,620,0.2,0.2,1.26966,0,0,
622,621,0.2,0.2,1.27166,0,0,
623,622,0.2,0.2,1.27376,0,0,
624,623,0.2,0.2,1.27576,0,0,
625,624,0.2,0.2,1.27786,0,0,
626,625,0.2,0.2,1.27997,0,0,
627,626,0.2,0.2,1.28197,0,0,
628,627,0.2,0.2,1.28407,0,0,
629,628,0.2,0.2,1.28607,0,0,
630,629,0.2,0.2,1.28818,0,0,
631,630,0.2,0.2,1.29018,0,0,
632,631,0.2,0.2,1.29228,0,0,
633,632,0.2,0.2,1.29428,0,0,
634,633,0.2,0.2,1.29639,0,0,
635,634,0.2,0.2,1.29839,0,0,
636,635,0.2,0.2,1.30049,0,0,
637,636,0.2,0.2,1.30249,0,0,
638,637,0.2,0.2,1.3046,0,0,
639,638,0.2,0.2,1.3066,0,0,
640,639,0.2,0.2,1.3087,0,0,
641,640,0.2,0.2,1.3107,0,0,
642,641,0.2,0.2,1.31281,0,0,
643,642,0.2,0.2,1.31481,0,0,
644,643,0.2,0.2,1.31691,0,0,
645,644,0.2,0.2,1.31891,0,0,
646,645,0.2,0.2,1.32101,0,0,
647,646,0.2,0.2,1.32301,0,0,
648,647,0.2,0.2,1.32512,0,0,
649,648,0.2,0.2,1.32722,0,0,
650,649,0.2,0.2,1.32922,0,0,
651,650,0.2,0.2,1.33133,0,0,
652,651,0.2,0.2,1.33333,0,0,
653,652,0.2,0.2,1.33543,0,0,
654,653,0.2,0.2,1.33743,0,0,
655,654,0.2,0.2,1.33954,0,0,
656,655,0.2,0.2,1.34154,0,0,
657,656,0.2,0.2,1.34364,0,0,
658,657,0.2,0.2,1.34564,0,0,
659,658,0.2,0.2,1.34775,0,0,
660,659,0.2,0.2,1.34975,0,0,
661,660,0.2,0.2,1.35185,0,0,
662,661,0.2,0.2,1.35385,0,0,
663,662,0.2,0.2,1.35596,0,0,
664,663,0.2,0.2,1.35795,0,0,
665,664,0.2,0.2,1.36006,0,0,
666,665,0.2,0.2,1.36206,0,0,
667,666,0.2,0.2,1.36416,0,0,
668,667,0.2,0.2,1.36616,0,0,
669,668,0.2,0.2,1.36827,0,0,
670,669,0.2,0.2,1.37027,0,0,
671,670,0.2,0.2,1.37237,0,0,
672,671,0.2,0.2,1.37448,0,0,
673,672,0.2,0.2,1.37648,0,0,
674,673,0.2,0.2,1.37858,0,0,
675,674,0.2,0.2,1.38058,0,0,
676,675,0.2,0.2,1.38269,0,0,
677,676,0.2,0.2,1.38469,0,0,
678,677,0.2,0.2,1.38679,0,0,
679,678,0.2,0.2,1.38879,0,0,
680,679,0.2,0.2,1.3909,0,0,
681,680,0.2,0.2,1.3929,0,0,
682,681,0.2,0.2,1.395,0,0,
683,682,0.2,0.2,1.397,0,0,
684,683,0.2,0.2,1.39911,0,0,
685,684,0.2,0.2,1.4011,0,0,
686,685,0.2,0.2,1.40321,0,0,
687,686,0.2,0.2,1.40521,0,0,
688,687,0.2,0.2,1.40731,0,0,
689,688,0.2,0.2,1.40931,0,0,
690,689,0.2,0.2,1.41142,0,0,
691,690,0.2,0.2,1.41342,0,0,
692,691,0.2,0.2,1.41552,0,0,
693,692,0.2,0.2,1.41752,0,0,
694,693,0.2,0.2,1.41963,0,0,
695,694,0.2,0.2,1.42173,0,0,
696,695,0.2,0.2,1.42373,0,0,
697,696,0.2,0.2,1.42584,0,0,
698,697,0.2,0.2,1.42784,0,0,
699,698,0.2,0.2,1.42994,0,0,
700,699,0.2,0.2,1.43194,0,0,
701,700,0.2,0.2,1.43405,0,0,
702,701,0.2,0.2,1.43605,0,0,
703,702,0.2,0.2,1.43815,0,0,
704,703,0.2,0.2,1.44015,0,0,
705,704,0.2,0.2,1.44225,0,0,
706,705,0.2,0.2,1.44425,0,0,
707,706,0.2,0.2,1.44636,0,0,
708,707,0.2,0.2,1.44836,0,0,
709,708,0.2,0.2,1.45046,0,0,
710,709,0.2,0.2,1.45246,0,0,
711,710,0.2,0.2,1.45457,0,0,
712,711,0.2,0.2,1.45657,0,0,
713,712,0.2,0.2,1.45867,0,0,
714,713,0.2,0.2,1.46067,0,0,
715,714,0.2,0.2,1.46278,0,0,
716,715,0.2,0.2,1.46478,0,0,
717,716,0.2,0.2,1.46688,0,0,
718,717,0.2,0.2,1.46899,0,0,
719,718,0.2,0.2,1.47099,0,0,
720,719,0.2,0.2,1.47309,0,0,
721,720,0.2,0.2,1.47509,0,0,
722,721,0.2,0.2,1.4772,0,0,
723,722,0.2,0.2,1.4792,0,0,
724,723,0.2,0.2,1.4813,0,0,
725,724,0.2,0.2,1.4833,0,0,
726,725,0.2,0.2,1.4854,0,0,
727,726,0.2,0.2,1.4874,0,0,
728,727,0.2,0.2,1.48951,0,0,
729,728,0.2,0.2,1.49151,0,0,
730,729,0.2,0.2,1.49361,0,0,
731,730,0.2,0.2,1.49561,0,0,
732,731,0.2,0.2,1.49772,0,0,
733,732,0.2,0.2,1.49972,0,0,
734,733,0.2,0.2,1.50182,0,0,
735,734,0.2,0.2,1.50382,0,0,
736,735,0.2,0.2,1.50593,0,0,
737,736,0.2,0.2,1.50793,0,0,
738,737,0.2,0.2,1.51003,0,0,
739,738,0.2,0.2,1.51203,0,0,
740,739,0.2,0.2,1.51414,0,0,
741,740,0.2,0.2,1.51624,0,0,
742,741,0.2,0.2,1.51824,0,0,
743,742,0.2,0.2,1.52035,0,0,
744,743,0.2,0.2,1.52235,0,0,
745,744,0.2,0.2,1.52445,0,0,
746,745,0.2,0.2,1.52645,0,0,
747,746,0.2,0.2,1.52855,0,0,
748,747,0.2,0.2,1.53055,0,0,
749,748,0.2,0.2,1.53266,0,0,
750,749,0.2,0.2,1.53466,0,0,
751,750,0.2,0.2,1.53676,0,0,
752,751,0.2,0.2,1.53876,0,0,
753,752,0.2,0.2,1.54087,0,0,
754,753,0.2,0.2,1.54287,0,0,
755,754,0.2,0.2,1.54497,0,0,
756,755,0.2,0.2,1.54697,0,0,
757,756,0.2,0.2,1.54908,0,0,
758,757,0.2,0.2,1.55108,0,0,
759,758,0.2,0.2,1.55318,0,0,
760,759,0.2,0.2,1.55518,0,0,
761,760,0.2,0.2,1.55729,0,0,
762,761,0.2,0.2,1.55929,0,0,
763,762,0.2,0.2,1.56139,0,0,
764,763,0.2,0.2,1.5635,0,0,
765,764,0.2,0.2,1.56549,0,0,
766,765,0.2,0.2,1.5676,0,0,
767,766,0.2,0.2,1.5696,0,0,
768,767,0.2,0.2,1.5717,0,0,
769,768,0.2,0.2,1.5737,0,0,
770,769,0.2,0.2,1.57581,0,0,
771,770,0.2,0.2,1.57781,0,0,
772,771,0.2,0.2,1.57991,0,0,
773,772,0.2,0.2,1.58191,0,0,
774,773,0.2,0.2,1.58402,0,0,
775,774,0.2,0.2,1.58602,0,0,
776,775,0.2,0.2,1.58812,0,0,
777,776,0.2,0.2,1.59012,0,0,
778,777,0.2,0.2,1.59223,0,0,
779,778,0.2,0.2,1.59423,0,0,
780,779,0.2,0.2,1.59633,0,0,
781,780,0.2,0.2,1.59833,0,0,
782,781,0.2,0.2,1.60044,0,0,
783,782,0.2,0.2,1.60244,0,0,
784,783,0.2,0.2,1.60454,0,0,
785,784,0.2,0.2,1.60654,0,0,
786,785,0.2,0.2,1.60864,0,0,
787,786,0.2,0.2,1.61075,0,0,
788,787,0.2,0.2,1.61275,0,0,
789,788,0.2,0.2,1.61485,0,0,
790,789,0.2,0.2,1.61685,0,0,
791,790,0.2,0.2,1.61896,0,0,
792,791,0.2,0.2,1.62096,0,0,
793,792,0.2,0.2,1.62306,0,0,
794,793,0.2,0.2,1.62506,0,0,
795,794,0.2,0.2,1.62717,0,0,
796,795,0.2,0.2,1.62917,0,0,
797,796,0.2,0.2,1.63127,0,0,
798,797,0.2,0.2,1.63327,0,0,
799,798,0.2,0.2,1.63538,0,0,
800,799,0.2,0.2,1.63738,0,0,
801,800,0.2,0.2,1.63948,0,0,
802,801,0.2,0.2,1.64148,0,0,
803,802,0.2,0.2,1.64359,0,0,
804,803,0.2,0.2,1.64559,0,0,
805,804,0.2,0.2,1.64769,0,0,
806,805,0.2,0.2,1.64969,0,0,
807,806,0.2,0.2,1.65179,0,0,
808,807,0.2,0.2,1.65379,0,0,
809,808,0.2,0.2,1.6559,0,0,
810,809,0.2,0.2,1.658,0,0,
811,810,0.2,0.2,1.66,0,0,
812,811,0.2,0.2,1.66211,0,0,
813,812,0.2,0.2,1.66411,0,0,
814,813,0.2,0.2,1.66621,0,0,
815,814,0.2,0.2,1.66821,0,0,
816,815,0.2,0.2,1.67032,0,0,
817,816,0.2,0.2,1.67232,0,0,
818,817,0.2,0.2,1.67442,0,0,
819,818,0.2,0.2,1.67642,0,0,
820,819,0.2,0.2,1.67853,0,0,
821,820,0.2,0.2,1.68053,0,0,
822,821,0.2,0.2,1.68263,0,0,
823,822,0.2,0.2,1.68463,0,0,
824,823,0.2,0.2,1.68674,0,0,
825,824,0.2,0.2,1.68873,0,0,
826,825,0.2,0.2,1.69084,0,0,
827,826,0.2,0.2,1.69284,0,0,
828,827,0.2,0.2,1.69494,0,0,
829,828,0.2,0.2,1.69694,0,0,
830,829,0.2,0.2,1.69905,0,0,
831,830,0.2,0.2,1.70105,0,0,
832,831,0.2,0.2,1.70315,0,0,
833,832,0.2,0.2,1.70526,0,0,
834,833,0.2,0.2,1.70726,0,0,
835,834,0.2,0.2,1.70936,0,0,
836,835,0.2,0.2,1.71136,0,0,
837,836,0.2,0.2,1.71347,0,0,
838,837,0.2,0.2,1.71547,0,0,
839,838,0.2,0.2,1.71757,0,0,
840,839,0.2,0.2,1.71957,0,0,
841,840,0.2,0.2,1.72168,0,0,
842,841,0.2,0.2,1.72368,0,0,
843,842,0.2,0.2,1.72578,0,0,
844,843,0.2,0.2,1.72778,0,0,
845,844,0.2,0.2,1.72989,0,0,
846,845,0.2,0.2,1.73188,0,0,
847,846,0.2,0.2,1.73399,0,0,
848,847,0.2,0.2,1.73599,0,0,
849,848,0.2,0.2,1.73809,0,0,
850,849,0.2,0.2,1.74009,0,0,
851,850,0.2,0.2,1.7422,0,0,
852,851,0.2,0.2,1.7442,0,0,
853,852,0.2,0.2,1.7463,0,0,
854,853,0.2,0.2,1.7483,0,0,
855,854,0.2,0.2,1.75041,0,0,
856,855,0.2,0.2,1.75251,0,0,
857,856,0.2,0.2,1.75451,0,0,
858,857,0.2,0.2,1.75662,0,0,
859,858,0.2,0.2,1.75862,0,0,
860,859,0.2,0.2,1.76072,0,0,
861,860,0.2,0.2,1.76272,0,0,
862,861,0.2,0.2,1.76483,0,0,
863,862,0.2,0.2,1.76683,0,0,
864,863,0.2,0.2,1.76893,0,0,
865,864,0.2,0.2,1.77093,0,0,
866,865,0.2,0.2,1.77303,0,0,
867,866,0.2,0.2,1.77503,0,0,
868,867,0.2,0.2,1.77714,0,0,
869,868,0.2,0.2,1.77914,0,0,
870,869,0.2,0.2,1.78124,0,0,
871,870,0.2,0.2,1.78324,0,0,
872,871,0.2,0.2,1.78535,0,0,
873,872,0.2,0.2,1.78735,0,0,
874,873,0.2,0.2,1.78945,0,0,
875,874,0.2,0.2,1.79145,0,0,
876,875,0.2,0.2,1.79356,0,0,
877,876,0.2,0.2,1.79556,0,0,
878,877,0.2,0.2,1.79766,0,0,
879,878,0.2,0.2,1.79977,0,0,
880,879,0.2,0.2,1.80177,0,0,
881,880,0.2,0.2,1.80387,0,0,
882,881,0.2,0.2,1.80587,0,0,
883,882,0.2,0.2,1.80798,0,0,
884,883,0.2,0.2,1.80998,0,0,
885,884,0.2,0.2,1.81208,0,0,
886,885,0.2,0.2,1.81408,0,0,
887,886,0.2,0.2,1.81618,0,0,
888,887,0.2,0.2,1.81818,0,0,
889,888,0.2,0.2,1.82029,0,0,
890,889,0.2,0.2,1.82229,0,0,
891,890,0.2,0.2,1.82439,0,0,
892,891,0.2,0.2,1.82639,0,0,
893,892,0.2,0.2,1.8285,0,0,
894,893,0.2,0.2,1.8305,0,0,
895,894,0.2,0.2,1.8326,0,0,
896,895,0.2,0.2,1.8346,0,0,
897,896,0.2,0.2,1.83671,0,0,
898,897,0.2,0.2,1.83871,0,0,
899,898,0.2,0.2,1.84081,0,0,
900,899,0.2,0.2,1.84281,0,0,
901,900,0.2,0.2,1.84492,0,0,
902,901,0.2,0.2,1.84702,0,0,
903,902,0.2,0.2,1.84902,0,0,
904,903,0.2,0.2,1.85113,0,0,
905,904,0.2,0.2,1.85312,0,0,
906,905,0.2,0.2,1.85523,0,0,
907,906,0.2,0.2,1.85723,0,0,
908,907,0.2,0.2,1.85933,0,0,
909,908,0.2,0.2,1.86133,0,0,
910,909,0.2,0.2,1.86344,0,0,
911,910,0.2,0.2,1.86544,0,0,
912,911,0.2,0.2,1.86754,0,0,
913,912,0.2,0.2,1.86954,0,0,
914,913,0.2,0.2,1.87165,0,0,
915,914,0.2,0.2,1.87365,0,0,
916,915,0.2,0.2,1.87575,0,0,
917,916,0.2,0.2,1.87775,0,0,
918,917,0.2,0.2,1.87986,0,0,
919,918,0.2,0.2,1.88186,0,0,
920,919,0.2,0.2,1.88396,0,0,
921,920,0.2,0.2,1.88596,0,0,
922,921,0.2,0.2,1.88807,0,0,
923,922,0.2,0.2,1.89007,0,0,
924,923,0.2,0.2,1.89217,0,0,
925,924,0.2,0.2,1.89428,0,0,
926,925,0.2,0.2,1.89627,0,0,
927,926,0.2,0.2,1.89838,0,0,
928,927,0.2,0.2,1.90038,0,0,
929,928,0.2,0.2,1.90248,0,0,
930,929,0.2,0.2,1.90448,0,0,
931,930,0.2,0.2,1.90659,0,0,
932,931,0.2,0.2,1.90859,0,0,
933,932,0.2,0.2,1.91069,0,0,
934,933,0.2,0.2,1.91269,0,0,
935,934,0.2,0.2,1.9148,0,0,
936,935,0.2,0.2,1.9168,0,0,
937,936,0.2,0.2,1.9189,0,0,
938,937,0.2,0.2,1.9209,0,0,
939,938,0.2,0.2,1.92301,0,0,
940,939,0.2,0.2,1.92501,0,0,
941,940,0.2,0.2,1.92711,0,0,
942,941,0.2,0.2,1.92911,0,0,
943,942,0.2,0.2,1.93122,0,0,
944,943,0.2,0.2,1.93322,0,0,
945,944,0.2,0.2,1.93532,0,0,
946,945,0.2,0.2,1.93732,0,0,
947,946,0.2,0.2,1.93942,0,0,
948,947,0.2,0.2,1.94153,0,0,
949,948,0.2,0.2,1.94353,0,0,
950,949,0.2,0.2,1.94563,0,0,
951,950,0.2,0.2,1.94763,0,0,
952,951,0.2,0.2,1.94974,0,0,
953,952,0.2,0.2,1.95174,0,0,
954,953,0.2,0.2,1.95384,0,0,
955,954,0.2,0.2,1.95584,0,0,
956,955,0.2,0.2,1.95795,0,0,
957,956,0.2,0.2,1.95995,0,0,
958,957,0.2,0.2,1.96205,0,0,
959,958,0.2,0.2,1.96405,0,0,
960,959,0.2,0.2,1.96616,0,0,
961,960,0.2,0.2,1.96816,0,0,
962,961,0.2,0.2,1.97026,0,0,
963,962,0.2,0.2,1.97226,0,0,
964,963,0.2,0.2,1.97437,0,0,
965,964,0.2,0.2,1.97636,0,0,
966,965,0.2,0.2,1.97847,0,0,
967,966,0.2,0.2,1.98047,0,0,
968,967,0.2,0.2,1.98257,0,0,
969,968,0.2,0.2,1.98457,0,0,
970,969,0.2,0.2,1.98668,0,0,
971,970,0.2,0.2,1.98878,0,0,
972,971,0.2,0.2,1.99078,0,0,
973,972,0.2,0.2,1.99289,0,0,
974,973,0.2,0.2,1.99489,0,0,
975,974,0.2,0.2,1.99699,0,0,
976,975,0.2,0.2,1.99899,0,0,
977,976,0.2,0.2,2.0011,0,0,
978,977,0,0,2.0031,0,0,
979,0,0,0,2.0052,0,0,
