0,0,0,0,0,0,0,
1,0,0,0,0,0,0,
2,1,0.6,0.6,0,0,0,
3,2,0.6,0.6,0,0,0,
4,3,0.6,0.6,0.00599887,0,0,
5,4,0.6,0.6,0.012103,0,0,
6,5,0.6,0.6,0.0181019,0,0,
7,6,0.6,0.6,0.024206,0,0,
8,7,0.6,0.6,0.0302048,0,0,
9,8,0.6,0.6,0.036309,0,0,
10,9,0.6,0.6,0.0424131,0,0,
11,10,0.6,0.6,0.0484119,0,0,
12,11,0.6,0.6,0.0545161,0,0,
13,12,0.6,0.6,0.0605149,0,0,
14,13,0.6,0.6,0.066619,0,0,
15,14,0.6,0.6,0.0727232,0,0,
16,15,0.6,0.6,0.078722,0,0,
17,16,0.6,0.6,0.0848261,0,0,
18,17,0.6,0.6,0.090825,0,0,
19,18,0.6,0.6,0.0969291,0,0,
20,19,0.6,0.6,0.103033,0,0,
21,20,0.6,0.6,0.109032,0,0,
22,21,0.6,0.6,0.115136,0,0,
23,22,0.6,0.6,0.121135,0,0,
24,23,0.6,0.6,0.127239,0,0,
25,24,0.6,0.6,0.133238,0,0,
26,25,0.6,0.6,0.139342,0,0,
27,26,0.6,0.6,0.145446,0,0,
28,27,0.6,0.6,0.151445,0,0,
29,28,0.6,0.6,0.157549,0,0,
30,29,0.6,0.6,0.163548,0,0,
31,30,0.6,0.6,0.169652,0,0,
32,31,0.6,0.6,0.175756,0,0,
33,32,0.6,0.6,0.181755,0,0,
34,33,0.6,0.6,0.187859,0,0,
35,34,0.6,0.6,0.193858,0,0,
36,35,0.6,0.6,0.199962,0,0,
37,36,0.6,0.6,0.206066,0,0,
38,37,0.6,0.6,0.212065,0,0,
39,38,0.6,0.6,0.218169,0,0,
40,39,0.6,0.6,0.224168,0,0,
41,40,0.6,0.6,0.230272,0,0,
42,41,0.6,0.6,0.236271,0,0,
43,42,0.6,0.6,0.242375,0,0,
44,43,0.6,0.6,0.24848,0,0,
45,44,0.6,0.6,0.254478,0,0,
46,45,0.6,0.6,0.260583,0,0,
47,46,0.6,0.6,0.266581,0,0,
48,47,0.6,0.6,0.272686,0,0,
49,48,0.6,0.6,0.27879,0,0,
50,49,0.6,0.6,0.284789,0,0,
51,50,0.6,0.6,0.290893,0,0,
52,51,0.6,0.6,0.296892,0,0,
53,52,0.6,0.6,0.302996,0,0,
54,53,0.6,0.6,0.3091,0,0,
55,54,0.6,0.6,0.315099,0,0,
56,55,0.6,0.6,0.321203,0,0,
57,56,0.6,0.6,0.327202,0,0,
58,57,0.6,0.6,0.333306,0,0,
59,58,0.6,0.6,0.339305,0,0,
60,59,0.6,0.6,0.345409,0,0,
61,60,0.6,0.6,0.351513,0,0,
62,61,0.6,0.6,0.357512,0,0,
63,62,0.6,0.6,0.363616,0,0,
64,63,0.6,0.6,0.369615,0,0,
65,64,0.6,0.6,0.375719,0,0,
66,65,0.6,0.6,0.381823,0,0,
67,66,0.6,0.6,0.387822,0,0,
68,67,0.6,0.6,0.393926,0,0,
69,68,0.6,0.6,0.399925,0,0,
70,69,0.6,0.6,0.406029,0,0,
71,70,0.6,0.6,0.412133,0,0,
72,71,0.6,0.6,0.418132,0,0,
73,72,0.6,0.6,0.424236,0,0,
74,73,0.6,0.6,0.430235,0,0,
75,74,0.6,0.6,0.436339,0,0,
76,75,0.6,0.6,0.442443,0,0,
77,76,0.6,0.6,0.448442,0,0,
78,77,0.6,0.6,0.454546,0,0,
79,78,0.6,0.6,0.460545,0,0,
80,79,0.6,0.6,0.466649,0,0,
81,80,0.6,0.6,0.472648,0,0,
82,81,0.6,0.6,0.478752,0,0,
83,82,0.6,0.6,0.484856,0,0,
84,83,0.6,0.6,0.490855,0,0,
85,84,0.6,0.6,0.496959,0,0,
86,85,0.6,0.6,0.502958,0,0,
87,86,0.6,0.6,0.509062,0,0,
88,87,0.6,0.6,0.515166,0,0,
89,88,0.6,0.6,0.521165,0,0,
90,89,0.6,0.6,0.527269,0,0,
91,90,0.6,0.6,0.533268,0,0,
92,91,0.6,0.6,0.539372,0,0,
93,92,0.6,0.6,0.545476,0,0,
94,93,0.6,0.6,0.551475,0,0,
95,94,0.6,0.6,0.557579,0,0,
96,95,0.6,0.6,0.563578,0,0,
97,96,0.6,0.6,0.569682,0,0,
98,97,0.6,0.6,0.575681,0,0,
99,98,0.6,0.6,0.581785,0,0,
100,99,0.6,0.6,0.587889,0,0,
101,100,0.6,0.6,0.593888,0,0,
102,101,0.6,0.6,0.599992,0,0,
103,102,0.6,0.6,0.605991,0,0,
104,103,0.6,0.6,0.612095,0,0,
105,104,0.6,0.6,0.618199,0,0,
106,105,0.6,0.6,0.624198,0,0,
107,106,0.6,0.6,0.630302,0,0,
108,107,0.6,0.6,0.636301,0,0,
109,108,0.6,0.6,0.642405,0,0,
110,109,0.6,0.6,0.64851,0,0,
111,110,0.6,0.6,0.654508,0,0,
112,111,0.6,0.6,0.660613,0,0,
113,112,0.6,0.6,0.666611,0,0,
114,113,0.6,0.6,0.672716,0,0,
115,114,0.6,0.6,0.678714,0,0,
116,115,0.6,0.6,0.684819,0,0,
117,116,0.6,0.6,0.690923,0,0,
118,117,0.6,0.6,0.696921,0,0,
119,118,0.6,0.6,0.703026,0,0,
120,119,0.6,0.6,0.709024,0,0,
121,120,0.6,0.6,0.715129,0,0,
122,121,0.6,0.6,0.721233,0,0,
123,122,0.6,0.6,0.727232,0,0,
124,123,0.6,0.6,0.733336,0,0,
125,124,0.6,0.6,0.739335,0,0,
126,125,0.6,0.6,0.745439,0,0,
127,126,0.6,0.6,0.751543,0,0,
128,127,0.6,0.6,0.757542,0,0,
129,128,0.6,0.6,0.763646,0,0,
130,129,0.6,0.6,0.769645,0,0,
131,130,0.6,0.6,0.775749,0,0,
132,131,0.6,0.6,0.781748,0,0,
133,132,0.6,0.6,0.787852,0,0,
134,133,0.6,0.6,0.793956,0,0,
135,134,0.6,0.6,0.799955,0,0,
136,135,0.6,0.6,0.806059,0,0,
137,136,0.6,0.6,0.812058,0,0,
138,137,0.6,0.6,0.818162,0,0,
139,138,0.6,0.6,0.824266,0,0,
140,139,0.6,0.6,0.830265,0,0,
141,140,0.6,0.6,0.836369,0,0,
142,141,0.6,0.6,0.842368,0,0,
143,142,0.6,0.6,0.848472,0,0,
144,143,0.6,0.6,0.854576,0,0,
145,144,0.6,0.6,0.860575,0,0,
146,145,0.6,0.6,0.866679,0,0,
147,146,0.6,0.6,0.872678,0,0,
148,147,0.6,0.6,0.878782,0,0,
149,148,0.6,0.6,0.884886,0,0,
150,149,0.6,0.6,0.890885,0,0,
151,150,0.6,0.6,0.896989,0,0,
152,151,0.6,0.6,0.902988,0,0,
153,152,0.6,0.6,0.909092,0,0,
154,153,0.6,0.6,0.915091,0,0,
155,154,0.6,0.6,0.921195,0,0,
156,155,0.6,0.6,0.927299,0,0,
157,156,0.6,0.6,0.933298,0,0,
158,157,0.6,0.6,0.939402,0,0,
159,158,0.6,0.6,0.945401,0,0,
160,159,0.6,0.6,0.951505,0,0,
161,160,0.6,0.6,0.957609,0,0,
162,161,0.6,0.6,0.963608,0,0,
163,162,0.6,0.6,0.969712,0,0,
164,163,0.6,0.6,0.975711,0,0,
165,164,0.6,0.6,0.981815,0,0,
166,165,0.6,0.6,0.987919,0,0,
167,166,0.6,0.6,0.993918,0,0,
168,167,0.6,0.6,1.00002,0,0,
169,168,0.6,0.6,1.00602,0,0,
170,169,0.6,0.6,1.01213,0,0,
171,170,0.6,0.6,1.01812,0,0,
172,171,0.6,0.6,1.02423,0,0,
173,172,0.6,0.6,1.03033,0,0,
174,173,0.6,0.6,1.03633,0,0,
175,174,0.6,0.6,1.04244,0,0,
176,175,0.6,0.6,1.04843,0,0,
177,176,0.6,0.6,1.05454,0,0,
178,177,0.6,0.6,1.06064,0,0,
179,178,0.6,0.6,1.06664,0,0,
180,179,0.6,0.6,1.07275,0,0,
181,180,0.6,0.6,1.07874,0,0,
182,181,0.6,0.6,1.08485,0,0,
183,182,0.6,0.6,1.09095,0,0,
184,183,0.6,0.6,1.09695,0,0,
185,184,0.6,0.6,1.10306,0,0,
186,185,0.6,0.6,1.10905,0,0,
187,186,0.6,0.6,1.11516,0,0,
188,187,0.6,0.6,1.12116,0,0,
189,188,0.6,0.6,1.12726,0,0,
190,189,0.6,0.6,1.13337,0,0,
191,190,0.6,0.6,1.13936,0,0,
192,191,0.6,0.6,1.14547,0,0,
193,192,0.6,0.6,1.15147,0,0,
194,193,0.6,0.6,1.15757,0,0,
195,194,0.6,0.6,1.16368,0,0,
196,195,0.6,0.6,1.16967,0,0,
197,196,0.6,0.6,1.17578,0,0,
198,197,0.6,0.6,1.18178,0,0,
199,198,0.6,0.6,1.18788,0,0,
200,199,0.6,0.6,1.19399,0,0,
201,200,0.6,0.6,1.19998,0,0,
202,201,0.6,0.6,1.20609,0,0,
203,202,0.6,0.6,1.21209,0,0,
204,203,0.6,0.6,1.21819,0,0,
205,204,0.6,0.6,1.22419,0,0,
206,205,0.6,0.6,1.23029,0,0,
207,206,0.6,0.6,1.2364,0,0,
208,207,0.6,0.6,1.2424,0,0,
209,208,0.6,0.6,1.2485,0,0,
210,209,0.6,0.6,1.2545,0,0,
211,210,0.6,0.6,1.2606,0,0,
212,211,0.6,0.6,1.26671,0,0,
213,212,0.6,0.6,1.27271,0,0,
214,213,0.6,0.6,1.27881,0,0,
215,214,0.6,0.6,1.28481,0,0,
216,215,0.6,0.6,1.29091,0,0,
217,216,0.6,0.6,1.29702,0,0,
218,217,0.6,0.6,1.30302,0,0,
219,218,0.6,0.6,1.30912,0,0,
220,219,0.6,0.6,1.31512,0,0,
221,220,0.6,0.6,1.32123,0,0,
222,221,0.6,0.6,1.32733,0,0,
223,222,0.6,0.6,1.33333,0,0,
224,223,0.6,0.6,1.33943,0,0,
225,224,0.6,0.6,1.34543,0,0,
226,225,0.6,0.6,1.35154,0,0,
227,226,0.6,0.6,1.35753,0,0,
228,227,0.6,0.6,1.36364,0,0,
229,228,0.6,0.6,1.36974,0,0,
230,229,0.6,0.6,1.37574,0,0,
231,230,0.6,0.6,1.38185,0,0,
232,231,0.6,0.6,1.38784,0,0,
233,232,0.6,0.6,1.39395,0,0,
234,233,0.6,0.6,1.40005,0,0,
235,234,0.6,0.6,1.40605,0,0,
236,235,0.6,0.6,1.41216,0,0,
237,236,0.6,0.6,1.41815,0,0,
238,237,0.6,0.6,1.42426,0,0,
239,238,0.6,0.6,1.43036,0,0,
240,239,0.6,0.6,1.43636,0,0,
241,240,0.6,0.6,1.44247,0,0,
242,241,0.6,0.6,1.44846,0,0,
243,242,0.6,0.6,1.45457,0,0,
244,243,0.6,0.6,1.46057,0,0,
245,244,0.6,0.6,1.46667,0,0,
246,245,0.6,0.6,1.47278,0,0,
247,246,0.6,0.6,1.47877,0,0,
248,247,0.6,0.6,1.48488,0,0,
249,248,0.6,0.6,1.49088,0,0,
250,249,0.6,0.6,1.49698,0,0,
251,250,0.6,0.6,1.50309,0,0,
252,251,0.6,0.6,1.50908,0,0,
253,252,0.6,0.6,1.51519,0,0,
254,253,0.6,0.6,1.52119,0,0,
255,254,0.6,0.6,1.52729,0,0,
256,255,0.6,0.6,1.5334,0,0,
257,256,0.6,0.6,1.53939,0,0,
258,257,0.6,0.6,1.5455,0,0,
259,258,0.6,0.6,1.5515,0,0,
260,259,0.6,0.6,1.5576,0,0,
261,260,0.6,0.6,1.5636,0,0,
262,261,0.6,0.6,1.5697,0,0,
263,262,0.6,0.6,1.57581,0,0,
264,263,0.6,0.6,1.58181,0,0,
265,264,0.6,0.6,1.58791,0,0,
266,265,0.6,0.6,1.59391,0,0,
267,266,0.6,0.6,1.60001,0,0,
268,267,0.6,0.6,1.60612,0,0,
269,268,0.6,0.6,1.61212,0,0,
270,269,0.6,0.6,1.61822,0,0,
271,270,0.6,0.6,1.62422,0,0,
272,271,0.6,0.6,1.63032,0,0,
273,272,0.6,0.6,1.63643,0,0,
274,273,0.6,0.6,1.64243,0,0,
275,274,0.6,0.6,1.64853,0,0,
276,275,0.6,0.6,1.65453,0,0,
277,276,0.6,0.6,1.66063,0,0,
278,277,0.6,0.6,1.66663,0,0,
279,278,0.6,0.6,1.67274,0,0,
280,279,0.6,0.6,1.67884,0,0,
281,280,0.6,0.6,1.68484,0,0,
282,281,0.6,0.6,1.69094,0,0,
283,282,0.6,0.6,1.69694,0,0,
284,283,0.6,0.6,1.70305,0,0,
285,284,0.6,0.6,1.70915,0,0,
286,285,0.6,0.6,1.71515,0,0,
287,286,0.6,0.6,1.72126,0,0,
288,287,0.6,0.6,1.72725,0,0,
289,288,0.6,0.6,1.73336,0,0,
290,289,0.6,0.6,1.73946,0,0,
291,290,0.6,0.6,1.74546,0,0,
292,291,0.6,0.6,1.75157,0,0,
293,292,0.6,0.6,1.75756,0,0,
294,293,0.6,0.6,1.76367,0,0,
295,294,0.6,0.6,1.76977,0,0,
296,295,0.6,0.6,1.77577,0,0,
297,296,0.6,0.6,1.78188,0,0,
298,297,0.6,0.6,1.78787,0,0,
299,298,0.6,0.6,1.79398,0,0,
300,299,0.6,0.6,1.79998,0,0,
301,300,0.6,0.6,1.80608,0,0,
302,301,0.6,0.6,1.81219,0,0,
303,302,0.6,0.6,1.81818,0,0,
304,303,0.6,0.6,1.82429,0,0,
305,304,0.6,0.6,1.83029,0,0,
306,305,0.6,0.6,1.83639,0,0,
307,306,0.6,0.6,1.8425,0,0,
308,307,0.6,0.6,1.84849,0,0,
309,308,0.6,0.6,1.8546,0,0,
310,309,0.6,0.6,1.8606,0,0,
311,310,0.6,0.6,1.8667,0,0,
312,311,0.6,0.6,1.87281,0,0,
313,312,0.6,0.6,1.8788,0,0,
314,313,0.6,0.6,1.88491,0,0,
315,314,0.6,0.6,1.89091,0,0,
316,315,0.6,0.6,1.89701,0,0,
317,316,0.6,0.6,1.90301,0,0,
318,317,0.6,0.6,1.90911,0,0,
319,318,0.6,0.6,1.91522,0,0,
320,319,0.6,0.6,1.92122,0,0,
321,320,0.6,0.6,1.92732,0,0,
322,321,0.6,0.6,1.93332,0,0,
323,322,0.6,0.6,1.93942,0,0,
324,323,0.6,0.6,1.94553,0,0,
325,324,0.6,0.6,1.95153,0,0,
326,325,0.6,0.6,1.95763,0,0,
327,326,0.6,0.6,1.96363,0,0,
328,327,0.6,0.6,1.96973,0,0,
329,328,0.6,0.6,1.97584,0,0,
330,329,0.6,0.6,1.98184,0,0,
331,330,0.6,0.6,1.98794,0,0,
332,331,0.6,0.6,1.99394,0,0,
333,332,0.6,0.6,2.00004,0,0,
334,333,0,0,2.00604,0,0,
335,0,0,0,2.01215,0,0,
