0,0,0,0,0,0,0,
1,0,0,0,0,0,0,
2,1,0.005,0.005,0,0,0,
3,2,0.01,0.01,0,0,0,
4,3,0.015,0.015,0,0,0,
5,4,0.02,0.02,0,0,0,
6,5,0.025,0.025,0.000105243,0,0,
7,6,0.03,0.03,0.00031573,0,0,
8,7,0.035,0.035,0.000526217,0,0,
9,8,0.04,0.04,0.000841947,0,0,
10,9,0.045,0.045,0.00115768,0,0,
11,10,0.05,0.05,0.00157865,0,0,
12,11,0.055,0.055,0.00199962,0,0,
13,12,0.06,0.06,0.0024206,0,0,
14,13,0.065,0.065,0.00294681,0,0,
15,14,0.07,0.07,0.00347303,0,0,
16,15,0.075,0.075,0.00410449,0,0,
17,16,0.08,0.08,0.00463071,0,0,
18,17,0.085,0.085,0.00536741,0,0,
19,18,0.09,0.09,0.00620936,0,0,
20,19,0.095,0.095,0.0070513,0,0,
21,20,0.1,0.1,0.00799849,0,0,
22,21,0.105,0.105,0.00884044,0,0,
23,22,0.11,0.11,0.00989288,0,0,
24,23,0.115,0.115,0.0109453,0,0,
25,24,0.12,0.12,0.012103,0,0,
26,25,0.125,0.125,0.0131554,0,0,
27,26,0.13,0.13,0.0144183,0,0,
28,27,0.135,0.135,0.0156813,0,0,
29,28,0.14,0.14,0.0170494,0,0,
30,29,0.145,0.145,0.0183123,0,0,
31,30,0.15,0.15,0.0197858,0,0,
32,31,0.155,0.155,0.0212592,0,0,
33,32,0.16,0.16,0.0227326,0,0,
34,33,0.165,0.165,0.0243112,0,0,
35,34,0.17,0.17,0.0258899,0,0,
36,35,0.175,0.175,0.0275738,0,0,
37,36,0.18,0.18,0.0293629,0,0,
38,37,0.185,0.185,0.0310468,0,0,
39,38,0.19,0.19,0.0329412,0,0,
40,39,0.195,0.195,0.0347303,0,0,
41,40,0.2,0.2,0.0367299,0,0,
42,41,0.205,0.205,0.0386243,0,0,
43,42,0.21,0.21,0.0407292,0,0,
44,43,0.215,0.215,0.042834,0,0,
45,44,0.22,0.22,0.0449389,0,0,
46,45,0.225,0.225,0.047149,0,0,
47,46,0.23,0.23,0.0493591,0,0,
48,47,0.235,0.235,0.0515692,0,0,
49,48,0.24,0.24,0.0539898,0,0,
50,49,0.245,0.245,0.0563052,0,0,
51,50,0.25,0.25,0.058831,0,0,
52,51,0.255,0.255,0.0612516,0,0,
53,52,0.26,0.26,0.0638827,0,0,
54,53,0.265,0.265,0.0664086,0,0,
55,54,0.27,0.27,0.0690396,0,0,
56,55,0.275,0.275,0.071776,0,0,
57,56,0.28,0.28,0.0745123,0,0,
58,57,0.285,0.285,0.0772486,0,0,
59,58,0.29,0.29,0.0801954,0,0,
60,59,0.295,0.295,0.083037,0,0,
61,60,0.3,0.3,0.0859838,0,0,
62,61,0.305,0.305,0.0890359,0,0,
63,62,0.31,0.31,0.0920879,0,0,
64,63,0.315,0.315,0.09514,0,0,
65,64,0.32,0.32,0.0984025,0,0,
66,65,0.325,0.325,0.10156,0,0,
67,66,0.33,0.33,0.104822,0,0,
68,67,0.335,0.335,0.108085,0,0,
69,68,0.34,0.34,0.111558,0,0,
70,69,0.345,0.345,0.114926,0,0,
71,70,0.35,0.35,0.118399,0,0,
72,71,0.355,0.355,0.121872,0,0,
73,72,0.36,0.36,0.12545,0,0,
74,73,0.365,0.365,0.129028,0,0,
75,74,0.37,0.37,0.132817,0,0,
76,75,0.375,0.375,0.136501,0,0,
77,76,0.38,0.38,0.140289,0,0,
78,77,0.385,0.385,0.144078,0,0,
79,78,0.39,0.39,0.147972,0,0,
80,79,0.395,0.395,0.151866,0,0,
81,80,0.4,0.4,0.155865,0,0,
82,81,0.405,0.405,0.159865,0,0,
83,82,0.41,0.41,0.163969,0,0,
84,83,0.415,0.415,0.168074,0,0,
85,84,0.42,0.42,0.172283,0,0,
86,85,0.425,0.425,0.176493,0,0,
87,86,0.43,0.43,0.180808,0,0,
88,87,0.435,0.435,0.185123,0,0,
89,88,0.44,0.44,0.189543,0,0,
90,89,0.445,0.445,0.193964,0,0,
91,90,0.45,0.45,0.198489,0,0,
92,91,0.455,0.455,0.203014,0,0,
93,92,0.46,0.46,0.207645,0,0,
94,93,0.465,0.465,0.212276,0,0,
95,94,0.47,0.47,0.217012,0,0,
96,95,0.475,0.475,0.221748,0,0,
97,96,0.48,0.48,0.226589,0,0,
98,97,0.485,0.485,0.23143,0,0,
99,98,0.49,0.49,0.236271,0,0,
100,99,0.495,0.495,0.241218,0,0,
101,100,0.5,0.5,0.246269,0,0,
102,101,0.505,0.505,0.251321,0,0,
103,102,0.51,0.51,0.256478,0,0,
104,103,0.515,0.515,0.261635,0,0,
105,104,0.52,0.52,0.266792,0,0,
106,105,0.525,0.525,0.272054,0,0,
107,106,0.53,0.53,0.277421,0,0,
108,107,0.535,0.535,0.282789,0,0,
109,108,0.54,0.54,0.288156,0,0,
110,109,0.545,0.545,0.293629,0,0,
111,110,0.55,0.55,0.299207,0,0,
112,111,0.555,0.555,0.304785,0,0,
113,112,0.56,0.56,0.310363,0,0,
114,113,0.565,0.565,0.316046,0,0,
115,114,0.57,0.57,0.321834,0,0,
116,115,0.575,0.575,0.327517,0,0,
117,116,0.58,0.58,0.333411,0,0,
118,117,0.585,0.585,0.339305,0,0,
119,118,0.59,0.59,0.345198,0,0,
120,119,0.595,0.595,0.351197,0,0,
121,120,0.6,0.6,0.357196,0,0,
122,121,0.6,0.6,0.3633,0,0,
123,122,0.6,0.6,0.369404,0,0,
124,123,0.6,0.6,0.375403,0,0,
125,124,0.6,0.6,0.381507,0,0,
126,125,0.6,0.6,0.387506,0,0,
127,126,0.6,0.6,0.39361,0,0,
128,127,0.6,0.6,0.399609,0,0,
129,128,0.6,0.6,0.405713,0,0,
130,129,0.6,0.6,0.411817,0,0,
131,130,0.6,0.6,0.417816,0,0,
132,131,0.6,0.6,0.42392,0,0,
133,132,0.6,0.6,0.429919,0,0,
134,133,0.6,0.6,0.436023,0,0,
135,134,0.6,0.6,0.442127,0,0,
136,135,0.6,0.6,0.448126,0,0,
137,136,0.6,0.6,0.45423,0,0,
138,137,0.6,0.6,0.460229,0,0,
139,138,0.6,0.6,0.466333,0,0,
140,139,0.6,0.6,0.472437,0,0,
141,140,0.6,0.6,0.478436,0,0,
142,141,0.6,0.6,0.48454,0,0,
143,142,0.6,0.6,0.490539,0,0,
144,143,0.6,0.6,0.496643,0,0,
145,144,0.6,0.6,0.502642,0,0,
146,145,0.6,0.6,0.508746,0,0,
147,146,0.6,0.6,0.51485,0,0,
148,147,0.6,0.6,0.520849,0,0,
149,148,0.6,0.6,0.526953,0,0,
150,149,0.6,0.6,0.532952,0,0,
151,150,0.6,0.6,0.539056,0,0,
152,151,0.6,0.6,0.545161,0,0,
153,152,0.6,0.6,0.551159,0,0,
154,153,0.6,0.6,0.557264,0,0,
155,154,0.6,0.6,0.563262,0,0,
156,155,0.6,0.6,0.569367,0,0,
157,156,0.6,0.6,0.575471,0,0,
158,157,0.6,0.6,0.58147,0,0,
159,158,0.6,0.6,0.587574,0,0,
160,159,0.6,0.6,0.593573,0,0,
161,160,0.6,0.6,0.599677,0,0,
162,161,0.6,0.6,0.605676,0,0,
163,162,0.6,0.6,0.61178,0,0,
164,163,0.6,0.6,0.617884,0,0,
165,164,0.6,0.6,0.623883,0,0,
166,165,0.6,0.6,0.629987,0,0,
167,166,0.6,0.6,0.635986,0,0,
168,167,0.6,0.6,0.64209,0,0,
169,168,0.6,0.6,0.648194,0,0,
170,169,0.6,0.6,0.654193,0,0,
171,170,0.6,0.6,0.660297,0,0,
172,171,0.6,0.6,0.666296,0,0,
173,172,0.6,0.6,0.6724,0,0,
174,173,0.6,0.6,0.678504,0,0,
175,174,0.6,0.6,0.684503,0,0,
176,175,0.6,0.6,0.690607,0,0,
177,176,0.6,0.6,0.696606,0,0,
178,177,0.6,0.6,0.70271,0,0,
179,178,0.6,0.6,0.708709,0,0,
180,179,0.6,0.6,0.714813,0,0,
181,180,0.6,0.6,0.720917,0,0,
182,181,0.6,0.6,0.726916,0,0,
183,182,0.6,0.6,0.73302,0,0,
184,183,0.6,0.6,0.739019,0,0,
185,184,0.6,0.6,0.745123,0,0,
186,185,0.6,0.6,0.751227,0,0,
187,186,0.6,0.6,0.757226,0,0,
188,187,0.6,0.6,0.76333,0,0,
189,188,0.6,0.6,0.769329,0,0,
190,189,0.6,0.6,0.775433,0,0,
191,190,0.6,0.6,0.781537,0,0,
192,191,0.6,0.6,0.787536,0,0,
193,192,0.6,0.6,0.79364,0,0,
194,193,0.6,0.6,0.799639,0,0,
195,194,0.6,0.6,0.805743,0,0,
196,195,0.6,0.6,0.811847,0,0,
197,196,0.6,0.6,0.817846,0,0,
198,197,0.6,0.6,0.82395,0,0,
199,198,0.6,0.6,0.829949,0,0,
200,199,0.6,0.6,0.836053,0,0,
201,200,0.6,0.6,0.842052,0,0,
202,201,0.6,0.6,0.848156,0,0,
203,202,0.6,0.6,0.85426,0,0,
204,203,0.6,0.6,0.860259,0,0,
205,204,0.6,0.6,0.866363,0,0,
206,205,0.6,0.6,0.872362,0,0,
207,206,0.6,0.6,0.878466,0,0,
208,207,0.6,0.6,0.88457,0,0,
209,208,0.6,0.6,0.890569,0,0,
210,209,0.6,0.6,0.896673,0,0,
211,210,0.6,0.6,0.902672,0,0,
212,211,0.6,0.6,0.908776,0,0,
213,212,0.6,0.6,0.91488,0,0,
214,213,0.6,0.6,0.920879,0,0,
215,214,0.6,0.6,0.926983,0,0,
216,215,0.6,0.6,0.932982,0,0,
217,216,0.6,0.6,0.939086,0,0,
218,217,0.6,0.6,0.945085,0,0,
219,218,0.6,0.6,0.951189,0,0,
220,219,0.6,0.6,0.957294,0,0,
221,220,0.6,0.6,0.963292,0,0,
222,221,0.6,0.6,0.969397,0,0,
223,222,0.6,0.6,0.975395,0,0,
224,223,0.6,0.6,0.9815,0,0,
225,224,0.6,0.6,0.987604,0,0,
226,225,0.6,0.6,0.993603,0,0,
227,226,0.6,0.6,0.999707,0,0,
228,227,0.6,0.6,1.00571,0,0,
229,228,0.6,0.6,1.01181,0,0,
230,229,0.6,0.6,1.01791,0,0,
231,230,0.6,0.6,1.02391,0,0,
232,231,0.6,0.6,1.03002,0,0,
233,232,0.6,0.6,1.03602,0,0,
234,233,0.6,0.6,1.04212,0,0,
235,234,0.6,0.6,1.04812,0,0,
236,235,0.6,0.6,1.05422,0,0,
237,236,0.6,0.6,1.06033,0,0,
238,237,0.6,0.6,1.06633,0,0,
239,238,0.6,0.6,1.07243,0,0,
240,239,0.6,0.6,1.07843,0,0,
241,240,0.6,0.6,1.08453,0,0,
242,241,0.6,0.6,1.09064,0,0,
243,242,0.6,0.6,1.09664,0,0,
244,243,0.6,0.6,1.10274,0,0,
245,244,0.6,0.6,1.10874,0,0,
246,245,0.6,0.6,1.11484,0,0,
247,246,0.6,0.6,1.12095,0,0,
248,247,0.6,0.6,1.12695,0,0,
249,248,0.6,0.6,1.13305,0,0,
250,249,0.6,0.6,1.13905,0,0,
251,250,0.6,0.6,1.14515,0,0,
252,251,0.6,0.6,1.15115,0,0,
253,252,0.6,0.6,1.15726,0,0,
254,253,0.6,0.6,1.16336,0,0,
255,254,0.6,0.6,1.16936,0,0,
256,255,0.6,0.6,1.17546,0,0,
257,256,0.6,0.6,1.18146,0,0,
258,257,0.6,0.6,1.18757,0,0,
259,258,0.6,0.6,1.19367,0,0,
260,259,0.6,0.6,1.19967,0,0,
261,260,0.6,0.6,1.20577,0,0,
262,261,0.6,0.6,1.21177,0,0,
263,262,0.6,0.6,1.21788,0,0,
264,263,0.6,0.6,1.22398,0,0,
265,264,0.6,0.6,1.22998,0,0,
266,265,0.6,0.6,1.23608,0,0,
267,266,0.6,0.6,1.24208,0,0,
268,267,0.6,0.6,1.24819,0,0,
269,268,0.6,0.6,1.25429,0,0,
270,269,0.6,0.6,1.26029,0,0,
271,270,0.6,0.6,1.26639,0,0,
272,271,0.6,0.6,1.27239,0,0,
273,272,0.6,0.6,1.2785,0,0,
274,273,0.6,0.6,1.2845,0,0,
275,274,0.6,0.6,1.2906,0,0,
276,275,0.6,0.6,1.2967,0,0,
277,276,0.6,0.6,1.3027,0,0,
278,277,0.6,0.6,1.30881,0,0,
279,278,0.6,0.6,1.31481,0,0,
280,279,0.6,0.6,1.32091,0,0,
281,280,0.6,0.6,1.32701,0,0,
282,281,0.6,0.6,1.33301,0,0,
283,282,0.6,0.6,1.33912,0,0,
284,283,0.6,0.6,1.34512,0,0,
285,284,0.6,0.6,1.35122,0,0,
286,285,0.6,0.6,1.35732,0,0,
287,286,0.6,0.6,1.36332,0,0,
288,287,0.6,0.6,1.36943,0,0,
289,288,0.6,0.6,1.37543,0,0,
290,289,0.6,0.6,1.38153,0,0,
291,290,0.6,0.6,1.38753,0,0,
292,291,0.6,0.6,1.39363,0,0,
293,292,0.6,0.6,1.39974,0,0,
294,293,0.6,0.6,1.40574,0,0,
295,294,0.6,0.6,1.41184,0,0,
296,295,0.6,0.6,1.41784,0,0,
297,296,0.6,0.6,1.42394,0,0,
298,297,0.6,0.6,1.43005,0,0,
299,298,0.6,0.6,1.43605,0,0,
300,299,0.6,0.6,1.44215,0,0,
301,300,0.6,0.6,1.44815,0,0,
302,301,0.6,0.6,1.45425,0,0,
303,302,0.6,0.6,1.46036,0,0,
304,303,0.6,0.6,1.46636,0,0,
305,304,0.6,0.6,1.47246,0,0,
306,305,0.6,0.6,1.47846,0,0,
307,306,0.6,0.6,1.48456,0,0,
308,307,0.6,0.6,1.49056,0,0,
309,308,0.6,0.6,1.49667,0,0,
310,309,0.6,0.6,1.50277,0,0,
311,310,0.6,0.6,1.50877,0,0,
312,311,0.6,0.6,1.51487,0,0,
313,312,0.6,0.6,1.52087,0,0,
314,313,0.6,0.6,1.52698,0,0,
315,314,0.6,0.6,1.53308,0,0,
316,315,0.6,0.6,1.53908,0,0,
317,316,0.6,0.6,1.54518,0,0,
318,317,0.6,0.6,1.55118,0,0,
319,318,0.6,0.6,1.55729,0,0,
320,319,0.6,0.6,1.56339,0,0,
321,320,0.6,0.6,1.56939,0,0,
322,321,0.6,0.6,1.57549,0,0,
323,322,0.6,0.6,1.58149,0,0,
324,323,0.6,0.6,1.5876,0,0,
325,324,0.6,0.6,1.59359,0,0,
326,325,0.6,0.6,1.5997,0,0,
327,326,0.6,0.6,1.6058,0,0,
328,327,0.6,0.6,1.6118,0,0,
329,328,0.6,0.6,1.61791,0,0,
330,329,0.6,0.6,1.6239,0,0,
331,330,0.6,0.6,1.63001,0,0,
332,331,0.6,0.6,1.63611,0,0,
333,332,0.6,0.6,1.64211,0,0,
334,333,0.598237,0.598237,1.64822,0,0,
335,334,0.593114,0.593114,1.65422,0,0,
336,335,0.588035,0.588035,1.66032,0,0,
337,336,0.582821,0.582821,1.66642,0,0,
338,337,0.577561,0.577561,1.67232,0,0,
339,338,0.572436,0.572436,1.67832,0,0,
340,339,0.567172,0.567172,1.6841,0,0,
341,340,0.562046,0.562046,1.69,0,0,
342,341,0.556778,0.556778,1.69579,0,0,
343,342,0.551556,0.551556,1.70147,0,0,
344,343,0.54638,0.54638,1.70715,0,0,
345,344,0.541154,0.541154,1.71284,0,0,
346,345,0.535877,0.535877,1.71831,0,0,
347,346,0.530746,0.530746,1.72389,0,0,
348,347,0.525465,0.525465,1.72936,0,0,
349,348,0.520232,0.520232,1.73483,0,0,
350,349,0.514945,0.514945,1.74009,0,0,
351,350,0.50981,0.50981,1.74546,0,0,
352,351,0.504519,0.504519,1.75072,0,0,
353,352,0.499276,0.499276,1.75588,0,0,
354,353,0.494085,0.494085,1.76104,0,0,
355,354,0.488838,0.488838,1.76598,0,0,
356,355,0.483753,0.483753,1.77104,0,0,
357,356,0.478503,0.478503,1.77598,0,0,
358,357,0.473306,0.473306,1.78093,0,0,
359,358,0.468051,0.468051,1.78577,0,0,
360,359,0.462851,0.462851,1.79061,0,0,
361,360,0.457591,0.457591,1.79535,0,0,
362,361,0.452387,0.452387,1.79998,0,0,
363,362,0.447239,0.447239,1.80461,0,0,
364,363,0.442032,0.442032,1.80924,0,0,
365,364,0.436763,0.436763,1.81376,0,0,
366,365,0.431551,0.431551,1.81829,0,0,
367,366,0.426275,0.426275,1.82271,0,0,
368,367,0.421059,0.421059,1.82713,0,0,
369,368,0.415777,0.415777,1.83144,0,0,
370,369,0.410555,0.410555,1.83576,0,0,
371,370,0.405266,0.405266,1.83997,0,0,
372,371,0.400038,0.400038,1.84418,0,0,
373,372,0.394741,0.394741,1.84828,0,0,
374,373,0.389508,0.389508,1.85239,0,0,
375,374,0.384203,0.384203,1.85639,0,0,
376,375,0.378962,0.378962,1.86028,0,0,
377,376,0.373789,0.373789,1.86428,0,0,
378,377,0.368401,0.368401,1.86807,0,0,
379,378,0.363222,0.363222,1.87186,0,0,
380,379,0.357969,0.357969,1.87554,0,0,
381,380,0.352786,0.352786,1.87923,0,0,
382,381,0.347527,0.347527,1.8828,0,0,
383,382,0.34234,0.34234,1.88638,0,0,
384,383,0.337073,0.337073,1.88996,0,0,
385,384,0.331723,0.331723,1.89343,0,0,
386,385,0.326446,0.326446,1.8968,0,0,
387,386,0.321246,0.321246,1.90017,0,0,
388,387,0.315961,0.315961,1.90343,0,0,
389,388,0.310755,0.310755,1.9068,0,0,
390,389,0.305288,0.305288,1.90996,0,0,
391,390,0.300073,0.300073,1.91311,0,0,
392,391,0.294765,0.294765,1.91617,0,0,
393,392,0.289541,0.289541,1.91932,0,0,
394,393,0.284037,0.284037,1.92227,0,0,
395,394,0.278801,0.278801,1.92511,0,0,
396,395,0.273658,0.273658,1.92806,0,0,
397,396,0.26822,0.26822,1.93079,0,0,
398,397,0.263069,0.263069,1.93353,0,0,
399,398,0.257816,0.257816,1.93627,0,0,
400,399,0.252454,0.252454,1.9389,0,0,
401,400,0.247188,0.247188,1.94153,0,0,
402,401,0.241807,0.241807,1.94406,0,0,
403,402,0.236526,0.236526,1.94648,0,0,
404,403,0.231353,0.231353,1.949,0,0,
405,404,0.225828,0.225828,1.95132,0,0,
406,405,0.220642,0.220642,1.95374,0,0,
407,406,0.215087,0.215087,1.95595,0,0,
408,407,0.209886,0.209886,1.95826,0,0,
409,408,0.204296,0.204296,1.96037,0,0,
410,409,0.199078,0.199078,1.96247,0,0,
411,410,0.193719,0.193719,1.96447,0,0,
412,411,0.188488,0.188488,1.96647,0,0,
413,412,0.183106,0.183106,1.96837,0,0,
414,413,0.177858,0.177858,1.97026,0,0,
415,414,0.17245,0.17245,1.97205,0,0,
416,415,0.167183,0.167183,1.97384,0,0,
417,416,0.161743,0.161743,1.97563,0,0,
418,417,0.156115,0.156115,1.97721,0,0,
419,418,0.150974,0.150974,1.97889,0,0,
420,419,0.14529,0.14529,1.98036,0,0,
421,420,0.140128,0.140128,1.98194,0,0,
422,421,0.134377,0.134377,1.98342,0,0,
423,422,0.128778,0.128778,1.98478,0,0,
424,423,0.123351,0.123351,1.98615,0,0,
425,424,0.117675,0.117675,1.98742,0,0,
426,425,0.112181,0.112181,1.98868,0,0,
427,426,0.106403,0.106403,1.98973,0,0,
428,427,0.101337,0.101337,1.99089,0,0,
429,428,0.095454,0.095454,1.99194,0,0,
430,429,0.0897722,0.0897722,1.99299,0,0,
431,430,0.0837055,0.0837055,1.99384,0,0,
432,431,0.0785154,0.0785154,1.99468,0,0,
433,432,0.0729569,0.0729569,1.99552,0,0,
434,433,0.0669385,0.0669385,1.99626,0,0,
435,434,0.0611888,0.0611888,1.99699,0,0,
436,435,0.0548394,0.0548394,1.99752,0,0,
437,436,0.0498111,0.0498111,1.99815,0,0,
438,437,0.0430079,0.0430079,1.99868,0,0,
439,438,0.0363795,0.0363795,1.9991,0,0,
440,439,0.0300415,0.0300415,1.99952,0,0,
441,440,0.0219435,0.0219435,1.99983,0,0,
442,441,0.0128759,0.0128759,2.00015,0,0,
443,442,0,0,2.00036,0,0,
444,0,0,0,2.00047,0,0,
