0,0,0,0,0,0,0,
1,0,0,0,0,0,0,
2,1,0.3,0.3,0,0,0,
3,2,0.3,0.3,0,0,0,
4,3,0.3,0.3,0.00294681,0,0,
5,4,0.3,0.3,0.00599887,0,0,
6,5,0.3,0.3,0.00894569,0,0,
7,6,0.3,0.3,0.0118925,0,0,
8,7,0.3,0.3,0.0149446,0,0,
9,8,0.3,0.3,0.0178914,0,0,
10,9,0.3,0.3,0.0208382,0,0,
11,10,0.3,0.3,0.0238902,0,0,
12,11,0.3,0.3,0.0268371,0,0,
13,12,0.3,0.3,0.0297839,0,0,
14,13,0.3,0.3,0.0328359,0,0,
15,14,0.3,0.3,0.0357827,0,0,
16,15,0.3,0.3,0.0387296,0,0,
17,16,0.3,0.3,0.0416764,0,0,
18,17,0.3,0.3,0.0447284,0,0,
19,18,0.3,0.3,0.0476752,0,0,
20,19,0.3,0.3,0.0506221,0,0,
21,20,0.3,0.3,0.0536741,0,0,
22,21,0.3,0.3,0.0566209,0,0,
23,22,0.3,0.3,0.0595677,0,0,
24,23,0.3,0.3,0.0626198,0,0,
25,24,0.3,0.3,0.0655666,0,0,
26,25,0.3,0.3,0.0685134,0,0,
27,26,0.3,0.3,0.0714602,0,0,
28,27,0.3,0.3,0.0745123,0,0,
29,28,0.3,0.3,0.0774591,0,0,
30,29,0.3,0.3,0.0804059,0,0,
31,30,0.3,0.3,0.083458,0,0,
32,31,0.3,0.3,0.0864048,0,0,
33,32,0.3,0.3,0.0893516,0,0,
34,33,0.3,0.3,0.0924037,0,0,
35,34,0.3,0.3,0.0953505,0,0,
36,35,0.3,0.3,0.0982973,0,0,
37,36,0.3,0.3,0.101349,0,0,
38,37,0.3,0.3,0.104296,0,0,
39,38,0.3,0.3,0.107243,0,0,
40,39,0.3,0.3,0.11019,0,0,
41,40,0.3,0.3,0.113242,0,0,
42,41,0.3,0.3,0.116189,0,0,
43,42,0.3,0.3,0.119135,0,0,
44,43,0.3,0.3,0.122188,0,0,
45,44,0.3,0.3,0.125134,0,0,
46,45,0.3,0.3,0.128081,0,0,
47,46,0.3,0.3,0.131133,0,0,
48,47,0.3,0.3,0.13408,0,0,
49,48,0.3,0.3,0.137027,0,0,
50,49,0.3,0.3,0.140079,0,0,
51,50,0.3,0.3,0.143026,0,0,
52,51,0.3,0.3,0.145973,0,0,
53,52,0.3,0.3,0.148919,0,0,
54,53,0.3,0.3,0.151971,0,0,
55,54,0.3,0.3,0.154918,0,0,
56,55,0.3,0.3,0.157865,0,0,
57,56,0.3,0.3,0.160917,0,0,
58,57,0.3,0.3,0.163864,0,0,
59,58,0.3,0.3,0.166811,0,0,
60,59,0.3,0.3,0.169863,0,0,
61,60,0.3,0.3,0.17281,0,0,
62,61,0.3,0.3,0.175756,0,0,
63,62,0.3,0.3,0.178808,0,0,
64,63,0.3,0.3,0.181755,0,0,
65,64,0.3,0.3,0.184702,0,0,
66,65,0.3,0.3,0.187649,0,0,
67,66,0.3,0.3,0.190701,0,0,
68,67,0.3,0.3,0.193648,0,0,
69,68,0.3,0.3,0.196595,0,0,
70,69,0.3,0.3,0.199647,0,0,
71,70,0.3,0.3,0.202593,0,0,
72,71,0.3,0.3,0.20554,0,0,
73,72,0.3,0.3,0.208592,0,0,
74,73,0.3,0.3,0.211539,0,0,
75,74,0.3,0.3,0.214486,0,0,
76,75,0.3,0.3,0.217538,0,0,
77,76,0.3,0.3,0.220485,0,0,
78,77,0.3,0.3,0.223432,0,0,
79,78,0.3,0.3,0.226378,0,0,
80,79,0.3,0.3,0.229431,0,0,
81,80,0.3,0.3,0.232377,0,0,
82,81,0.3,0.3,0.235324,0,0,
83,82,0.3,0.3,0.238376,0,0,
84,83,0.3,0.3,0.241323,0,0,
85,84,0.3,0.3,0.24427,0,0,
86,85,0.3,0.3,0.247322,0,0,
87,86,0.3,0.3,0.250269,0,0,
88,87,0.3,0.3,0.253216,0,0,
89,88,0.3,0.3,0.256162,0,0,
90,89,0.3,0.3,0.259214,0,0,
91,90,0.3,0.3,0.262161,0,0,
92,91,0.3,0.3,0.265108,0,0,
93,92,0.3,0.3,0.26816,0,0,
94,93,0.3,0.3,0.271107,0,0,
95,94,0.3,0.3,0.274054,0,0,
96,95,0.3,0.3,0.277106,0,0,
97,96,0.3,0.3,0.280053,0,0,
98,97,0.3,0.3,0.282999,0,0,
99,98,0.3,0.3,0.286051,0,0,
100,99,0.3,0.3,0.288998,0,0,
101,100,0.3,0.3,0.291945,0,0,
102,101,0.3,0.3,0.294892,0,0,
103,102,0.3,0.3,0.297944,0,0,
104,103,0.3,0.3,0.300891,0,0,
105,104,0.3,0.3,0.303838,0,0,
106,105,0.3,0.3,0.30689,0,0,
107,106,0.3,0.3,0.309836,0,0,
108,107,0.3,0.3,0.312783,0,0,
109,108,0.3,0.3,0.315835,0,0,
110,109,0.3,0.3,0.318782,0,0,
111,110,0.3,0.3,0.321729,0,0,
112,111,0.3,0.3,0.324781,0,0,
113,112,0.3,0.3,0.327728,0,0,
114,113,0.3,0.3,0.330675,0,0,
115,114,0.3,0.3,0.333621,0,0,
116,115,0.3,0.3,0.336673,0,0,
117,116,0.3,0.3,0.33962,0,0,
118,117,0.3,0.3,0.342567,0,0,
119,118,0.3,0.3,0.345619,0,0,
120,119,0.3,0.3,0.348566,0,0,
121,120,0.3,0.3,0.351513,0,0,
122,121,0.3,0.3,0.354565,0,0,
123,122,0.3,0.3,0.357512,0,0,
124,123,0.3,0.3,0.360458,0,0,
125,124,0.3,0.3,0.363511,0,0,
126,125,0.3,0.3,0.366457,0,0,
127,126,0.3,0.3,0.369404,0,0,
128,127,0.3,0.3,0.372351,0,0,
129,128,0.3,0.3,0.375403,0,0,
130,129,0.3,0.3,0.37835,0,0,
131,130,0.3,0.3,0.381297,0,0,
132,131,0.3,0.3,0.384349,0,0,
133,132,0.3,0.3,0.387296,0,0,
134,133,0.3,0.3,0.390242,0,0,
135,134,0.3,0.3,0.393294,0,0,
136,135,0.3,0.3,0.396241,0,0,
137,136,0.3,0.3,0.399188,0,0,
138,137,0.3,0.3,0.40224,0,0,
139,138,0.3,0.3,0.405187,0,0,
140,139,0.3,0.3,0.408134,0,0,
141,140,0.3,0.3,0.411081,0,0,
142,141,0.3,0.3,0.414133,0,0,
143,142,0.3,0.3,0.417079,0,0,
144,143,0.3,0.3,0.420026,0,0,
145,144,0.3,0.3,0.423078,0,0,
146,145,0.3,0.3,0.426025,0,0,
147,146,0.3,0.3,0.428972,0,0,
148,147,0.3,0.3,0.432024,0,0,
149,148,0.3,0.3,0.434971,0,0,
150,149,0.3,0.3,0.437918,0,0,
151,150,0.3,0.3,0.440864,0,0,
152,151,0.3,0.3,0.443916,0,0,
153,152,0.3,0.3,0.446863,0,0,
154,153,0.3,0.3,0.44981,0,0,
155,154,0.3,0.3,0.452862,0,0,
156,155,0.3,0.3,0.455809,0,0,
157,156,0.3,0.3,0.458756,0,0,
158,157,0.3,0.3,0.461808,0,0,
159,158,0.3,0.3,0.464755,0,0,
160,159,0.3,0.3,0.467701,0,0,
161,160,0.3,0.3,0.470754,0,0,
162,161,0.3,0.3,0.4737,0,0,
163,162,0.3,0.3,0.476647,0,0,
164,163,0.3,0.3,0.479594,0,0,
165,164,0.3,0.3,0.482646,0,0,
166,165,0.3,0.3,0.485593,0,0,
167,166,0.3,0.3,0.48854,0,0,
168,167,0.3,0.3,0.491592,0,0,
169,168,0.3,0.3,0.494539,0,0,
170,169,0.3,0.3,0.497485,0,0,
171,170,0.3,0.3,0.500537,0,0,
172,171,0.3,0.3,0.503484,0,0,
173,172,0.3,0.3,0.506431,0,0,
174,173,0.3,0.3,0.509483,0,0,
175,174,0.3,0.3,0.51243,0,0,
176,175,0.3,0.3,0.515377,0,0,
177,176,0.3,0.3,0.518324,0,0,
178,177,0.3,0.3,0.521376,0,0,
179,178,0.3,0.3,0.524322,0,0,
180,179,0.3,0.3,0.527269,0,0,
181,180,0.3,0.3,0.530321,0,0,
182,181,0.3,0.3,0.533268,0,0,
183,182,0.3,0.3,0.536215,0,0,
184,183,0.3,0.3,0.539267,0,0,
185,184,0.3,0.3,0.542214,0,0,
186,185,0.3,0.3,0.545161,0,0,
187,186,0.3,0.3,0.548213,0,0,
188,187,0.3,0.3,0.551159,0,0,
189,188,0.3,0.3,0.554106,0,0,
190,189,0.3,0.3,0.557053,0,0,
191,190,0.3,0.3,0.560105,0,0,
192,191,0.3,0.3,0.563052,0,0,
193,192,0.3,0.3,0.565999,0,0,
194,193,0.3,0.3,0.569051,0,0,
195,194,0.3,0.3,0.571998,0,0,
196,195,0.3,0.3,0.574944,0,0,
197,196,0.3,0.3,0.577996,0,0,
198,197,0.3,0.3,0.580943,0,0,
199,198,0.3,0.3,0.58389,0,0,
200,199,0.3,0.3,0.586942,0,0,
201,200,0.3,0.3,0.589889,0,0,
202,201,0.3,0.3,0.592836,0,0,
203,202,0.3,0.3,0.595783,0,0,
204,203,0.3,0.3,0.598835,0,0,
205,204,0.3,0.3,0.601781,0,0,
206,205,0.3,0.3,0.604728,0,0,
207,206,0.3,0.3,0.60778,0,0,
208,207,0.3,0.3,0.610727,0,0,
209,208,0.3,0.3,0.613674,0,0,
210,209,0.3,0.3,0.616726,0,0,
211,210,0.3,0.3,0.619673,0,0,
212,211,0.3,0.3,0.62262,0,0,
213,212,0.3,0.3,0.625566,0,0,
214,213,0.3,0.3,0.628619,0,0,
215,214,0.3,0.3,0.631565,0,0,
216,215,0.3,0.3,0.634512,0,0,
217,216,0.3,0.3,0.637564,0,0,
218,217,0.3,0.3,0.640511,0,0,
219,218,0.3,0.3,0.643458,0,0,
220,219,0.3,0.3,0.64651,0,0,
221,220,0.3,0.3,0.649457,0,0,
222,221,0.3,0.3,0.652404,0,0,
223,222,0.3,0.3,0.655456,0,0,
224,223,0.3,0.3,0.658402,0,0,
225,224,0.3,0.3,0.661349,0,0,
226,225,0.3,0.3,0.664296,0,0,
227,226,0.3,0.3,0.667348,0,0,
228,227,0.3,0.3,0.670295,0,0,
229,228,0.3,0.3,0.673242,0,0,
230,229,0.3,0.3,0.676294,0,0,
231,230,0.3,0.3,0.679241,0,0,
232,231,0.3,0.3,0.682187,0,0,
233,232,0.3,0.3,0.685239,0,0,
234,233,0.3,0.3,0.688186,0,0,
235,234,0.3,0.3,0.691133,0,0,
236,235,0.3,0.3,0.694185,0,0,
237,236,0.3,0.3,0.697132,0,0,
238,237,0.3,0.3,0.700079,0,0,
239,238,0.3,0.3,0.703026,0,0,
240,239,0.3,0.3,0.706078,0,0,
241,240,0.3,0.3,0.709024,0,0,
242,241,0.3,0.3,0.711971,0,0,
243,242,0.3,0.3,0.715023,0,0,
244,243,0.3,0.3,0.71797,0,0,
245,244,0.3,0.3,0.720917,0,0,
246,245,0.3,0.3,0.723969,0,0,
247,246,0.3,0.3,0.726916,0,0,
248,247,0.3,0.3,0.729863,0,0,
249,248,0.3,0.3,0.732915,0,0,
250,249,0.3,0.3,0.735862,0,0,
251,250,0.3,0.3,0.738808,0,0,
252,251,0.3,0.3,0.741755,0,0,
253,252,0.3,0.3,0.744807,0,0,
254,253,0.3,0.3,0.747754,0,0,
255,254,0.3,0.3,0.750701,0,0,
256,255,0.3,0.3,0.753753,0,0,
257,256,0.3,0.3,0.7567,0,0,
258,257,0.3,0.3,0.759647,0,0,
259,258,0.3,0.3,0.762699,0,0,
260,259,0.3,0.3,0.765645,0,0,
261,260,0.3,0.3,0.768592,0,0,
262,261,0.3,0.3,0.771644,0,0,
263,262,0.3,0.3,0.774591,0,0,
264,263,0.3,0.3,0.777538,0,0,
265,264,0.3,0.3,0.780485,0,0,
266,265,0.3,0.3,0.783537,0,0,
267,266,0.3,0.3,0.786484,0,0,
268,267,0.3,0.3,0.78943,0,0,
269,268,0.3,0.3,0.792482,0,0,
270,269,0.3,0.3,0.795429,0,0,
271,270,0.3,0.3,0.798376,0,0,
272,271,0.3,0.3,0.801428,0,0,
273,272,0.3,0.3,0.804375,0,0,
274,273,0.3,0.3,0.807322,0,0,
275,274,0.3,0.3,0.810269,0,0,
276,275,0.3,0.3,0.813321,0,0,
277,276,0.3,0.3,0.816267,0,0,
278,277,0.3,0.3,0.819214,0,0,
279,278,0.3,0.3,0.822266,0,0,
280,279,0.3,0.3,0.825213,0,0,
281,280,0.3,0.3,0.82816,0,0,
282,281,0.3,0.3,0.831212,0,0,
283,282,0.3,0.3,0.834159,0,0,
284,283,0.3,0.3,0.837106,0,0,
285,284,0.3,0.3,0.840158,0,0,
286,285,0.3,0.3,0.843105,0,0,
287,286,0.3,0.3,0.846051,0,0,
288,287,0.3,0.3,0.848998,0,0,
289,288,0.3,0.3,0.85205,0,0,
290,289,0.3,0.3,0.854997,0,0,
291,290,0.3,0.3,0.857944,0,0,
292,291,0.3,0.3,0.860996,0,0,
293,292,0.3,0.3,0.863943,0,0,
294,293,0.3,0.3,0.86689,0,0,
295,294,0.3,0.3,0.869942,0,0,
296,295,0.3,0.3,0.872888,0,0,
297,296,0.3,0.3,0.875835,0,0,
298,297,0.3,0.3,0.878887,0,0,
299,298,0.3,0.3,0.881834,0,0,
300,299,0.3,0.3,0.884781,0,0,
301,300,0.3,0.3,0.887728,0,0,
302,301,0.3,0.3,0.89078,0,0,
303,302,0.3,0.3,0.893727,0,0,
304,303,0.3,0.3,0.896673,0,0,
305,304,0.3,0.3,0.899725,0,0,
306,305,0.3,0.3,0.902672,0,0,
307,306,0.3,0.3,0.905619,0,0,
308,307,0.3,0.3,0.908671,0,0,
309,308,0.3,0.3,0.911618,0,0,
310,309,0.3,0.3,0.914565,0,0,
311,310,0.3,0.3,0.917617,0,0,
312,311,0.3,0.3,0.920564,0,0,
313,312,0.3,0.3,0.92351,0,0,
314,313,0.3,0.3,0.926457,0,0,
315,314,0.3,0.3,0.929509,0,0,
316,315,0.3,0.3,0.932456,0,0,
317,316,0.3,0.3,0.935403,0,0,
318,317,0.3,0.3,0.938455,0,0,
319,318,0.3,0.3,0.941402,0,0,
320,319,0.3,0.3,0.944349,0,0,
321,320,0.3,0.3,0.947401,0,0,
322,321,0.3,0.3,0.950347,0,0,
323,322,0.3,0.3,0.953294,0,0,
324,323,0.3,0.3,0.956346,0,0,
325,324,0.3,0.3,0.959293,0,0,
326,325,0.3,0.3,0.96224,0,0,
327,326,0.3,0.3,0.965187,0,0,
328,327,0.3,0.3,0.968239,0,0,
329,328,0.3,0.3,0.971186,0,0,
330,329,0.3,0.3,0.974132,0,0,
331,330,0.3,0.3,0.977185,0,0,
332,331,0.3,0.3,0.980131,0,0,
333,332,0.3,0.3,0.983078,0,0,
334,333,0.3,0.3,0.98613,0,0,
335,334,0.3,0.3,0.989077,0,0,
336,335,0.3,0.3,0.992024,0,0,
337,336,0.3,0.3,0.994971,0,0,
338,337,0.3,0.3,0.998023,0,0,
339,338,0.3,0.3,1.00097,0,0,
340,339,0,0,1.00392,0,0,
341,0,0,0,1.00697,0,0,
342,1,0.3,-0.3,1.00697,0,0,
343,2,0.3,-0.3,1.00697,0,0,
344,3,0.3,-0.3,1.00697,0,-0.0226678,
345,4,0.3,-0.3,1.00697,0,-0.0453356,
346,5,0.3,-0.3,1.00702,-3.59695e-06,-0.0684082,
347,6,0.3,-0.3,1.00697,1.21021e-06,-0.0914808,
348,7,0.3,-0.3,1.00697,1.21021e-06,-0.114149,
349,8,0.3,-0.3,1.00702,-5.98795e-06,-0.137221,
350,9,0.3,-0.3,1.00702,-5.98795e-06,-0.159889,
351,10,0.3,-0.3,1.00697,3.58616e-06,-0.182962,
352,11,0.3,-0.3,1.00697,3.58616e-06,-0.205629,
353,12,0.3,-0.3,1.00702,-8.34388e-06,-0.228702,
354,13,0.3,-0.3,1.00697,4.76539e-06,-0.251774,
355,14,0.3,-0.3,1.00697,4.76539e-06,-0.274442,
356,15,0.3,-0.3,1.00702,-1.06604e-05,-0.297515,
357,16,0.3,-0.3,1.00697,5.92196e-06,-0.320587,
358,17,0.3,-0.3,1.00697,5.92196e-06,-0.343255,
359,18,0.3,-0.3,1.00702,-1.29266e-05,-0.366328,
360,19,0.3,-0.3,1.00702,-1.29266e-05,-0.388996,
361,20,0.3,-0.3,1.00697,8.14869e-06,-0.412068,
362,21,0.3,-0.3,1.00702,-1.40333e-05,-0.435141,
363,22,0.3,-0.3,1.00702,-1.40333e-05,-0.457809,
364,23,0.3,-0.3,1.00697,1.03074e-05,-0.480881,
365,24,0.3,-0.3,1.00697,1.03074e-05,-0.503549,
366,25,0.3,-0.3,1.00702,-1.61411e-05,-0.526622,
367,26,0.3,-0.3,1.00697,1.13499e-05,-0.549694,
368,27,0.3,-0.3,1.00697,1.13499e-05,-0.572362,
369,28,0.3,-0.3,1.00702,-1.8164e-05,-0.595435,
370,29,0.3,-0.3,1.00697,1.23471e-05,-0.618507,
371,30,0.3,-0.3,1.00697,1.23471e-05,-0.641175,
372,31,0.3,-0.3,1.00701,-2.00924e-05,-0.664247,
373,32,0.3,-0.3,1.00701,-2.00924e-05,-0.686915,
374,33,0.3,-0.3,1.00697,1.42077e-05,-0.709988,
375,34,0.3,-0.3,1.00701,-2.1004e-05,-0.73306,
376,35,0.3,-0.3,1.00701,-2.1004e-05,-0.755728,
377,36,0.3,-0.3,1.00698,1.59589e-05,-0.778801,
378,37,0.3,-0.3,1.00698,1.59589e-05,-0.801469,
379,38,0.3,-0.3,1.00701,-2.26779e-05,-0.824541,
380,39,0.3,-0.3,1.00698,1.67728e-05,-0.847614,
381,40,0.3,-0.3,1.00698,1.67728e-05,-0.870282,
382,41,0.3,-0.3,1.00701,-2.42289e-05,-0.893354,
383,42,0.3,-0.3,1.00698,1.75228e-05,-0.916427,
384,43,0.3,-0.3,1.00698,1.75228e-05,-0.939095,
385,44,0.3,-0.3,1.00701,-2.56497e-05,-0.962167,
386,45,0.3,-0.3,1.00701,-2.56497e-05,-0.984835,
387,46,0.3,-0.3,1.00698,1.88533e-05,-1.00791,
388,47,0.3,-0.3,1.00701,-2.62857e-05,-1.03098,
389,48,0.3,-0.3,1.00701,-2.62857e-05,-1.05365,
390,49,0.3,-0.3,1.00698,2.00428e-05,-1.07672,
391,50,0.3,-0.3,1.00698,2.00428e-05,-1.09939,
392,51,0.3,-0.3,1.007,-2.73783e-05,-1.12246,
393,52,0.3,-0.3,1.00698,2.05564e-05,-1.14553,
394,53,0.3,-0.3,1.00698,2.05564e-05,-1.1682,
395,54,0.3,-0.3,1.007,-2.83208e-05,-1.19127,
396,55,0.3,-0.3,1.00698,2.09932e-05,-1.21435,
397,56,0.3,-0.3,1.00698,2.09932e-05,-1.23701,
398,57,0.3,-0.3,1.007,-2.91088e-05,-1.26009,
399,58,0.3,-0.3,1.007,-2.91088e-05,-1.28275,
400,59,0.3,-0.3,1.00699,2.16764e-05,-1.30583,
401,60,0.3,-0.3,1.007,-2.94132e-05,-1.3289,
402,61,0.3,-0.3,1.007,-2.94132e-05,-1.35157,
403,62,0.3,-0.3,1.00699,2.21993e-05,-1.37464,
404,63,0.3,-0.3,1.00699,2.21993e-05,-1.39731,
405,64,0.3,-0.3,1.007,-2.98282e-05,-1.42038,
406,65,0.3,-0.3,1.00699,2.23674e-05,-1.44345,
407,66,0.3,-0.3,1.00699,2.23674e-05,-1.46612,
408,67,0.3,-0.3,1.00699,-3.00792e-05,-1.48919,
409,68,0.3,-0.3,1.00699,2.24524e-05,-1.51227,
410,69,0.3,-0.3,1.00699,2.24524e-05,-1.53493,
411,70,0.3,-0.3,1.00699,-3.0165e-05,-1.55801,
412,71,0.3,-0.3,1.00699,-3.0165e-05,-1.58067,
413,72,0,0,1.00699,2.24281e-05,-1.60375,
414,0,0,0,1.00699,2.24281e-05,-1.62641,
415,1,0.3,0.3,1.00699,2.24281e-05,-1.62641,
416,2,0.3,0.3,1.00699,2.24281e-05,-1.62641,
417,3,0.3,0.3,1.00683,-0.0029197,-1.62722,
418,4,0.3,0.3,1.00666,-0.00591443,-1.62682,
419,5,0.3,0.3,1.00649,-0.00885662,-1.62682,
420,6,0.3,0.3,1.00633,-0.0118513,-1.62722,
421,7,0.3,0.3,1.00616,-0.0147934,-1.62722,
422,8,0.3,0.3,1.00599,-0.0177881,-1.62682,
423,9,0.3,0.3,1.00582,-0.0207828,-1.62722,
424,10,0.3,0.3,1.00566,-0.0237249,-1.62722,
425,11,0.3,0.3,1.00549,-0.0267196,-1.62682,
426,12,0.3,0.3,1.00532,-0.0297143,-1.62722,
427,13,0.3,0.3,1.00515,-0.0326564,-1.62722,
428,14,0.3,0.3,1.00498,-0.0356512,-1.62682,
429,15,0.3,0.3,1.00482,-0.0385934,-1.62682,
430,16,0.3,0.3,1.00465,-0.041588,-1.62722,
431,17,0.3,0.3,1.00448,-0.0445827,-1.62682,
432,18,0.3,0.3,1.00432,-0.0475249,-1.62682,
433,19,0.3,0.3,1.00415,-0.0505196,-1.62722,
434,20,0.3,0.3,1.00398,-0.0534617,-1.62722,
435,21,0.3,0.3,1.00381,-0.0564564,-1.62682,
436,22,0.3,0.3,1.00365,-0.0594511,-1.62722,
437,23,0.3,0.3,1.00348,-0.0623932,-1.62722,
438,24,0.3,0.3,1.00331,-0.065388,-1.62682,
439,25,0.3,0.3,1.00314,-0.0683826,-1.62722,
440,26,0.3,0.3,1.00298,-0.0713247,-1.62722,
441,27,0.3,0.3,1.00281,-0.0743195,-1.62682,
442,28,0.3,0.3,1.00264,-0.0772617,-1.62682,
443,29,0.3,0.3,1.00247,-0.0802563,-1.62722,
444,30,0.3,0.3,1.00231,-0.0832511,-1.62682,
445,31,0.3,0.3,1.00214,-0.0861933,-1.62682,
446,32,0.3,0.3,1.00197,-0.0891879,-1.62722,
447,33,0.3,0.3,1.00181,-0.09213,-1.62722,
448,34,0.3,0.3,1.00164,-0.0951248,-1.62682,
449,35,0.3,0.3,1.00147,-0.0981194,-1.62722,
450,36,0.3,0.3,1.0013,-0.101062,-1.62722,
451,37,0.3,0.3,1.00113,-0.104056,-1.62682,
452,38,0.3,0.3,1.00096,-0.107051,-1.62722,
453,39,0.3,0.3,1.0008,-0.109993,-1.62722,
454,40,0.3,0.3,1.00063,-0.112988,-1.62682,
455,41,0.3,0.3,1.00047,-0.11593,-1.62682,
456,42,0.3,0.3,1.0003,-0.118925,-1.62722,
457,43,0.3,0.3,1.00013,-0.121919,-1.62682,
458,44,0.3,0.3,0.999963,-0.124862,-1.62682,
459,45,0.3,0.3,0.999794,-0.127856,-1.62722,
460,46,0.3,0.3,0.999628,-0.130798,-1.62722,
461,47,0.3,0.3,0.99946,-0.133793,-1.62682,
462,48,0.3,0.3,0.999291,-0.136788,-1.62722,
463,49,0.3,0.3,0.999125,-0.13973,-1.62722,
464,50,0.3,0.3,0.998957,-0.142725,-1.62682,
465,51,0.3,0.3,0.998788,-0.145719,-1.62722,
466,52,0.3,0.3,0.998621,-0.148661,-1.62722,
467,53,0.3,0.3,0.998454,-0.151656,-1.62682,
468,54,0.3,0.3,0.998289,-0.154598,-1.62682,
469,55,0.3,0.3,0.998119,-0.157593,-1.62722,
470,56,0.3,0.3,0.997951,-0.160588,-1.62682,
471,57,0.3,0.3,0.997786,-0.16353,-1.62682,
472,58,0.3,0.3,0.997617,-0.166525,-1.62722,
473,59,0.3,0.3,0.997451,-0.169467,-1.62722,
474,60,0.3,0.3,0.997283,-0.172461,-1.62682,
475,61,0.3,0.3,0.997114,-0.175456,-1.62722,
476,62,0.3,0.3,0.996948,-0.178398,-1.62722,
477,63,0.3,0.3,0.99678,-0.181393,-1.62682,
478,64,0.3,0.3,0.996615,-0.184335,-1.62682,
479,65,0.3,0.3,0.996446,-0.18733,-1.62722,
480,66,0.3,0.3,0.996278,-0.190325,-1.62682,
481,67,0.3,0.3,0.996113,-0.193267,-1.62682,
482,68,0.3,0.3,0.995944,-0.196261,-1.62722,
483,69,0.3,0.3,0.995777,-0.199203,-1.62722,
484,70,0.3,0.3,0.995609,-0.202198,-1.62682,
485,71,0.3,0.3,0.99544,-0.205193,-1.62722,
486,72,0.3,0.3,0.995274,-0.208135,-1.62722,
487,73,0.3,0.3,0.995106,-0.21113,-1.62682,
488,74,0.3,0.3,0.994937,-0.214124,-1.62722,
489,75,0.3,0.3,0.994771,-0.217067,-1.62722,
490,76,0.3,0.3,0.994603,-0.220061,-1.62682,
491,77,0.3,0.3,0.994438,-0.223003,-1.62682,
492,78,0.3,0.3,0.994269,-0.225998,-1.62722,
493,79,0.3,0.3,0.994101,-0.228993,-1.62682,
494,80,0.3,0.3,0.993936,-0.231935,-1.62682,
495,81,0.3,0.3,0.993766,-0.23493,-1.62722,
496,82,0.3,0.3,0.9936,-0.237872,-1.62722,
497,83,0.3,0.3,0.993432,-0.240867,-1.62682,
498,84,0.3,0.3,0.993263,-0.243861,-1.62722,
499,85,0.3,0.3,0.993097,-0.246803,-1.62722,
500,86,0.3,0.3,0.992929,-0.249798,-1.62682,
501,87,0.3,0.3,0.99276,-0.252793,-1.62722,
502,88,0.3,0.3,0.992594,-0.255735,-1.62722,
503,89,0.3,0.3,0.992426,-0.25873,-1.62682,
504,90,0.3,0.3,0.992261,-0.261672,-1.62682,
505,91,0.3,0.3,0.992092,-0.264666,-1.62722,
506,92,0.3,0.3,0.991924,-0.267661,-1.62682,
507,93,0.3,0.3,0.991759,-0.270603,-1.62682,
508,94,0.3,0.3,0.991589,-0.273598,-1.62722,
509,95,0.3,0.3,0.991423,-0.27654,-1.62722,
510,96,0.3,0.3,0.991255,-0.279535,-1.62682,
511,97,0.3,0.3,0.991086,-0.28253,-1.62722,
512,98,0.3,0.3,0.99092,-0.285472,-1.62722,
513,99,0.3,0.3,0.990752,-0.288466,-1.62682,
514,100,0.3,0.3,0.990583,-0.291461,-1.62722,
515,101,0.3,0.3,0.990417,-0.294403,-1.62722,
516,102,0.3,0.3,0.990249,-0.297398,-1.62682,
517,103,0.3,0.3,0.990084,-0.30034,-1.62682,
518,104,0.3,0.3,0.989915,-0.303335,-1.62722,
519,105,0.3,0.3,0.989747,-0.306329,-1.62682,
520,106,0.3,0.3,0.989582,-0.309272,-1.62682,
521,107,0.3,0.3,0.989412,-0.312266,-1.62722,
522,108,0.3,0.3,0.989246,-0.315208,-1.62722,
523,109,0.3,0.3,0.989078,-0.318203,-1.62682,
524,110,0.3,0.3,0.988909,-0.321198,-1.62722,
525,111,0.3,0.3,0.988743,-0.32414,-1.62722,
526,112,0.3,0.3,0.988575,-0.327135,-1.62682,
527,113,0.3,0.3,0.988406,-0.330129,-1.62722,
528,114,0.3,0.3,0.98824,-0.333071,-1.62722,
529,115,0.3,0.3,0.988072,-0.336066,-1.62682,
530,116,0.3,0.3,0.987907,-0.339008,-1.62682,
531,117,0.3,0.3,0.987737,-0.342003,-1.62722,
532,118,0.3,0.3,0.98757,-0.344998,-1.62682,
533,119,0.3,0.3,0.987405,-0.34794,-1.62682,
534,120,0.3,0.3,0.987235,-0.350935,-1.62722,
535,121,0.3,0.3,0.987069,-0.353877,-1.62722,
536,122,0.3,0.3,0.986901,-0.356871,-1.62682,
537,123,0.3,0.3,0.986732,-0.359866,-1.62722,
538,124,0.3,0.3,0.986566,-0.362808,-1.62722,
539,125,0.3,0.3,0.986398,-0.365803,-1.62682,
540,126,0.3,0.3,0.986233,-0.368745,-1.62682,
541,127,0.3,0.3,0.986064,-0.37174,-1.62722,
542,128,0.3,0.3,0.985896,-0.374735,-1.62682,
543,129,0.3,0.3,0.985731,-0.377677,-1.62682,
544,130,0.3,0.3,0.985562,-0.380671,-1.62722,
545,131,0.3,0.3,0.985394,-0.383666,-1.62682,
546,132,0.3,0.3,0.985229,-0.386608,-1.62682,
547,133,0.3,0.3,0.98506,-0.389603,-1.62722,
548,134,0.3,0.3,0.984893,-0.392545,-1.62722,
549,135,0.3,0.3,0.984725,-0.39554,-1.62682,
550,136,0.3,0.3,0.984556,-0.398535,-1.62722,
551,137,0.3,0.3,0.98439,-0.401477,-1.62722,
552,138,0.3,0.3,0.984222,-0.404471,-1.62682,
553,139,0.3,0.3,0.984057,-0.407414,-1.62682,
554,140,0.3,0.3,0.983888,-0.410408,-1.62722,
555,141,0.3,0.3,0.98372,-0.413403,-1.62682,
556,142,0.3,0.3,0.983555,-0.416345,-1.62682,
557,143,0.3,0.3,0.983386,-0.41934,-1.62722,
558,144,0.3,0.3,0.98322,-0.422282,-1.62722,
559,145,0.3,0.3,0.983052,-0.425277,-1.62682,
560,146,0.3,0.3,0.982882,-0.428271,-1.62722,
561,147,0.3,0.3,0.982716,-0.431213,-1.62722,
562,148,0.3,0.3,0.982548,-0.434208,-1.62682,
563,149,0.3,0.3,0.982379,-0.437203,-1.62722,
564,150,0.3,0.3,0.982213,-0.440145,-1.62722,
565,151,0.3,0.3,0.982045,-0.44314,-1.62682,
566,152,0.3,0.3,0.98188,-0.446082,-1.62682,
567,153,0.3,0.3,0.981711,-0.449077,-1.62722,
568,154,0.3,0.3,0.981543,-0.452071,-1.62682,
569,155,0.3,0.3,0.981378,-0.455013,-1.62682,
570,156,0.3,0.3,0.981209,-0.458008,-1.62722,
571,157,0.3,0.3,0.981043,-0.46095,-1.62722,
572,158,0.3,0.3,0.980875,-0.463945,-1.62682,
573,159,0.3,0.3,0.980705,-0.46694,-1.62722,
574,160,0.3,0.3,0.980539,-0.469882,-1.62722,
575,161,0.3,0.3,0.980371,-0.472877,-1.62682,
576,162,0.3,0.3,0.980202,-0.475871,-1.62722,
577,163,0.3,0.3,0.980036,-0.478813,-1.62722,
578,164,0.3,0.3,0.979868,-0.481808,-1.62682,
579,165,0.3,0.3,0.979703,-0.48475,-1.62682,
580,166,0.3,0.3,0.979534,-0.487745,-1.62722,
581,167,0.3,0.3,0.979366,-0.49074,-1.62682,
582,168,0.3,0.3,0.979201,-0.493682,-1.62682,
583,169,0.3,0.3,0.979032,-0.496676,-1.62722,
584,170,0.3,0.3,0.978866,-0.499619,-1.62722,
585,171,0.3,0.3,0.978698,-0.502613,-1.62682,
586,172,0.3,0.3,0.978528,-0.505608,-1.62722,
587,173,0.3,0.3,0.978362,-0.50855,-1.62722,
588,174,0.3,0.3,0.978194,-0.511545,-1.62682,
589,175,0.3,0.3,0.978025,-0.514539,-1.62722,
590,176,0.3,0.3,0.977859,-0.517482,-1.62722,
591,177,0.3,0.3,0.977691,-0.520476,-1.62682,
592,178,0.3,0.3,0.977526,-0.523419,-1.62682,
593,179,0.3,0.3,0.977357,-0.526413,-1.62722,
594,180,0.3,0.3,0.977189,-0.529408,-1.62682,
595,181,0.3,0.3,0.977024,-0.53235,-1.62682,
596,182,0.3,0.3,0.976855,-0.535345,-1.62722,
597,183,0.3,0.3,0.976688,-0.538287,-1.62722,
598,184,0.3,0.3,0.976521,-0.541282,-1.62682,
599,185,0.3,0.3,0.976351,-0.544276,-1.62722,
600,186,0.3,0.3,0.976185,-0.547218,-1.62722,
601,187,0.3,0.3,0.976017,-0.550213,-1.62682,
602,188,0.3,0.3,0.975852,-0.553155,-1.62682,
603,189,0.3,0.3,0.975683,-0.55615,-1.62722,
604,190,0.3,0.3,0.975515,-0.559145,-1.62682,
605,191,0.3,0.3,0.97535,-0.562087,-1.62682,
606,192,0.3,0.3,0.975181,-0.565082,-1.62722,
607,193,0.3,0.3,0.975013,-0.568076,-1.62682,
608,194,0.3,0.3,0.974848,-0.571018,-1.62682,
609,195,0.3,0.3,0.974679,-0.574013,-1.62722,
610,196,0.3,0.3,0.974513,-0.576955,-1.62722,
611,197,0.3,0.3,0.974345,-0.57995,-1.62682,
612,198,0.3,0.3,0.974176,-0.582945,-1.62722,
613,199,0.3,0.3,0.974009,-0.585887,-1.62722,
614,200,0.3,0.3,0.973841,-0.588882,-1.62682,
615,201,0.3,0.3,0.973676,-0.591824,-1.62682,
616,202,0.3,0.3,0.973507,-0.594818,-1.62722,
617,203,0.3,0.3,0.973339,-0.597813,-1.62682,
618,204,0.3,0.3,0.973174,-0.600755,-1.62682,
619,205,0.3,0.3,0.973005,-0.60375,-1.62722,
620,206,0.3,0.3,0.972839,-0.606692,-1.62722,
621,207,0.3,0.3,0.972671,-0.609687,-1.62682,
622,208,0.3,0.3,0.972502,-0.612681,-1.62722,
623,209,0.3,0.3,0.972336,-0.615624,-1.62722,
624,210,0.3,0.3,0.972168,-0.618618,-1.62682,
625,211,0.3,0.3,0.971999,-0.621613,-1.62722,
626,212,0.3,0.3,0.971832,-0.624555,-1.62722,
627,213,0.3,0.3,0.971664,-0.62755,-1.62682,
628,214,0.3,0.3,0.971499,-0.630492,-1.62682,
629,215,0.3,0.3,0.97133,-0.633487,-1.62722,
630,216,0.3,0.3,0.971162,-0.636481,-1.62682,
631,217,0.3,0.3,0.970997,-0.639424,-1.62682,
632,218,0.3,0.3,0.970828,-0.642418,-1.62722,
633,219,0.3,0.3,0.970662,-0.64536,-1.62722,
634,220,0.3,0.3,0.970494,-0.648355,-1.62682,
635,221,0.3,0.3,0.970325,-0.65135,-1.62722,
636,222,0.3,0.3,0.970159,-0.654292,-1.62722,
637,223,0.3,0.3,0.969991,-0.657287,-1.62682,
638,224,0.3,0.3,0.969821,-0.660281,-1.62722,
639,225,0.3,0.3,0.969655,-0.663223,-1.62722,
640,226,0.3,0.3,0.969487,-0.666218,-1.62682,
641,227,0.3,0.3,0.969322,-0.66916,-1.62682,
642,228,0.3,0.3,0.969153,-0.672155,-1.62722,
643,229,0.3,0.3,0.968985,-0.67515,-1.62682,
644,230,0.3,0.3,0.96882,-0.678092,-1.62682,
645,231,0.3,0.3,0.968651,-0.681087,-1.62722,
646,232,0.3,0.3,0.968485,-0.684029,-1.62722,
647,233,0.3,0.3,0.968317,-0.687023,-1.62682,
648,234,0.3,0.3,0.968148,-0.690018,-1.62722,
649,235,0.3,0.3,0.967982,-0.69296,-1.62722,
650,236,0.3,0.3,0.967814,-0.695955,-1.62682,
651,237,0.3,0.3,0.967644,-0.69895,-1.62722,
652,238,0.3,0.3,0.967478,-0.701892,-1.62722,
653,239,0.3,0.3,0.96731,-0.704886,-1.62682,
654,240,0.3,0.3,0.967145,-0.707829,-1.62682,
655,241,0.3,0.3,0.966976,-0.710823,-1.62722,
656,242,0.3,0.3,0.966808,-0.713818,-1.62682,
657,243,0.3,0.3,0.966643,-0.71676,-1.62682,
658,244,0.3,0.3,0.966474,-0.719755,-1.62722,
659,245,0.3,0.3,0.966308,-0.722697,-1.62722,
660,246,0.3,0.3,0.96614,-0.725692,-1.62682,
661,247,0.3,0.3,0.965971,-0.728686,-1.62722,
662,248,0.3,0.3,0.965805,-0.731629,-1.62722,
663,249,0.3,0.3,0.965637,-0.734623,-1.62682,
664,250,0.3,0.3,0.965472,-0.737565,-1.62682,
665,251,0.3,0.3,0.965302,-0.74056,-1.62722,
666,252,0.3,0.3,0.965134,-0.743555,-1.62682,
667,253,0.3,0.3,0.964969,-0.746497,-1.62682,
668,254,0.3,0.3,0.9648,-0.749492,-1.62722,
669,255,0.3,0.3,0.964632,-0.752486,-1.62682,
670,256,0.3,0.3,0.964467,-0.755429,-1.62682,
671,257,0.3,0.3,0.964298,-0.758423,-1.62722,
672,258,0.3,0.3,0.964132,-0.761365,-1.62722,
673,259,0.3,0.3,0.963964,-0.76436,-1.62682,
674,260,0.3,0.3,0.963795,-0.767355,-1.62722,
675,261,0.3,0.3,0.963629,-0.770297,-1.62722,
676,262,0.3,0.3,0.963461,-0.773292,-1.62682,
677,263,0.3,0.3,0.963296,-0.776234,-1.62682,
678,264,0.3,0.3,0.963127,-0.779229,-1.62722,
679,265,0.3,0.3,0.962959,-0.782223,-1.62682,
680,266,0.3,0.3,0.962794,-0.785165,-1.62682,
681,267,0.3,0.3,0.962624,-0.78816,-1.62722,
682,268,0.3,0.3,0.962458,-0.791102,-1.62722,
683,269,0.3,0.3,0.96229,-0.794097,-1.62682,
684,270,0.3,0.3,0.962121,-0.797092,-1.62722,
685,271,0.3,0.3,0.961955,-0.800034,-1.62722,
686,272,0.3,0.3,0.961787,-0.803028,-1.62682,
687,273,0.3,0.3,0.961618,-0.806023,-1.62722,
688,274,0.3,0.3,0.961452,-0.808965,-1.62722,
689,275,0.3,0.3,0.961284,-0.81196,-1.62682,
690,276,0.3,0.3,0.961119,-0.814902,-1.62682,
691,277,0.3,0.3,0.96095,-0.817897,-1.62722,
692,278,0.3,0.3,0.960782,-0.820892,-1.62682,
693,279,0.3,0.3,0.960617,-0.823834,-1.62682,
694,280,0.3,0.3,0.960447,-0.826828,-1.62722,
695,281,0.3,0.3,0.960281,-0.829771,-1.62722,
696,282,0.3,0.3,0.960113,-0.832765,-1.62682,
697,283,0.3,0.3,0.959944,-0.83576,-1.62722,
698,284,0.3,0.3,0.959778,-0.838702,-1.62722,
699,285,0.3,0.3,0.95961,-0.841697,-1.62682,
700,286,0.3,0.3,0.959441,-0.844691,-1.62722,
701,287,0.3,0.3,0.959275,-0.847634,-1.62722,
702,288,0.3,0.3,0.959107,-0.850628,-1.62682,
703,289,0.3,0.3,0.958942,-0.85357,-1.62682,
704,290,0.3,0.3,0.958772,-0.856565,-1.62722,
705,291,0.3,0.3,0.958605,-0.85956,-1.62682,
706,292,0.3,0.3,0.95844,-0.862502,-1.62682,
707,293,0.3,0.3,0.95827,-0.865497,-1.62722,
708,294,0.3,0.3,0.958104,-0.868439,-1.62722,
709,295,0.3,0.3,0.957936,-0.871434,-1.62682,
710,296,0.3,0.3,0.957767,-0.874428,-1.62722,
711,297,0.3,0.3,0.957601,-0.87737,-1.62722,
712,298,0.3,0.3,0.957433,-0.880365,-1.62682,
713,299,0.3,0.3,0.957264,-0.88336,-1.62722,
714,300,0.3,0.3,0.957098,-0.886302,-1.62722,
715,301,0.3,0.3,0.95693,-0.889297,-1.62682,
716,302,0.3,0.3,0.956765,-0.892239,-1.62682,
717,303,0.3,0.3,0.956595,-0.895233,-1.62722,
718,304,0.3,0.3,0.956427,-0.898228,-1.62682,
719,305,0.3,0.3,0.956262,-0.90117,-1.62682,
720,306,0.3,0.3,0.956093,-0.904165,-1.62722,
721,307,0.3,0.3,0.955927,-0.907107,-1.62722,
722,308,0.3,0.3,0.955759,-0.910102,-1.62682,
723,309,0.3,0.3,0.95559,-0.913097,-1.62722,
724,310,0.3,0.3,0.955424,-0.916039,-1.62722,
725,311,0.3,0.3,0.955256,-0.919033,-1.62682,
726,312,0.3,0.3,0.955091,-0.921976,-1.62682,
727,313,0.3,0.3,0.954922,-0.92497,-1.62722,
728,314,0.3,0.3,0.954754,-0.927965,-1.62682,
729,315,0.3,0.3,0.954589,-0.930907,-1.62682,
730,316,0.3,0.3,0.95442,-0.933902,-1.62722,
731,317,0.3,0.3,0.954252,-0.936897,-1.62682,
732,318,0.3,0.3,0.954087,-0.939839,-1.62682,
733,319,0.3,0.3,0.953917,-0.942833,-1.62722,
734,320,0.3,0.3,0.953751,-0.945776,-1.62722,
735,321,0.3,0.3,0.953583,-0.94877,-1.62682,
736,322,0.3,0.3,0.953414,-0.951765,-1.62722,
737,323,0.3,0.3,0.953248,-0.954707,-1.62722,
738,324,0.3,0.3,0.95308,-0.957702,-1.62682,
739,325,0.3,0.3,0.952915,-0.960644,-1.62682,
740,326,0.3,0.3,0.952746,-0.963639,-1.62722,
741,327,0.3,0.3,0.952578,-0.966633,-1.62682,
742,328,0.3,0.3,0.952413,-0.969576,-1.62682,
743,329,0.3,0.3,0.952244,-0.97257,-1.62722,
744,330,0.3,0.3,0.952078,-0.975512,-1.62722,
745,331,0.3,0.3,0.95191,-0.978507,-1.62682,
746,332,0.3,0.3,0.95174,-0.981502,-1.62722,
747,333,0.3,0.3,0.951574,-0.984444,-1.62722,
748,334,0.3,0.3,0.951406,-0.987439,-1.62682,
749,335,0.3,0.3,0.951237,-0.990433,-1.62722,
750,336,0.3,0.3,0.951071,-0.993375,-1.62722,
751,337,0.3,0.3,0.950903,-0.99637,-1.62682,
752,338,0.3,0.3,0.950738,-0.999312,-1.62682,
753,339,0,0,0.950569,-1.00231,-1.62722,
754,0,0,0,0.950401,-1.0053,-1.62682,
755,1,0.3,-0.3,0.950401,-1.0053,-1.62682,
756,2,0.3,-0.3,0.950401,-1.0053,-1.62682,
757,3,0.3,-0.3,0.950401,-1.0053,-1.64949,
758,4,0.3,-0.3,0.950396,-1.00535,-1.67256,
759,5,0.3,-0.3,0.950396,-1.00535,-1.69523,
760,6,0.3,-0.3,0.950403,-1.0053,-1.7183,
761,7,0.3,-0.3,0.950394,-1.00535,-1.74137,
762,8,0.3,-0.3,0.950394,-1.00535,-1.76404,
763,9,0.3,-0.3,0.950406,-1.0053,-1.78711,
764,10,0.3,-0.3,0.950393,-1.00535,-1.81019,
765,11,0.3,-0.3,0.950393,-1.00535,-1.83285,
766,12,0.3,-0.3,0.950408,-1.0053,-1.85593,
767,13,0.3,-0.3,0.950408,-1.0053,-1.87859,
768,14,0.3,-0.3,0.950391,-1.00535,-1.90167,
769,15,0.3,-0.3,0.950391,-1.00535,-1.92433,
770,16,0.3,-0.3,0.95041,-1.0053,-1.94741,
771,17,0.3,-0.3,0.95039,-1.00535,-1.97048,
772,18,0.3,-0.3,0.95039,-1.00535,-1.99315,
773,19,0.3,-0.3,0.950412,-1.0053,-2.01622,
774,20,0.3,-0.3,0.950389,-1.00535,-2.03929,
775,21,0.3,-0.3,0.950389,-1.00535,-2.06196,
776,22,0.3,-0.3,0.950415,-1.00531,-2.08503,
777,23,0.3,-0.3,0.950388,-1.00535,-2.10811,
778,24,0.3,-0.3,0.950388,-1.00535,-2.13077,
779,25,0.3,-0.3,0.950388,-1.00535,-2.15344,
780,26,0.3,-0.3,0.950418,-1.00531,-2.17651,
781,27,0.3,-0.3,0.950387,-1.00535,-2.19959,
782,28,0.3,-0.3,0.950387,-1.00535,-2.22225,
783,29,0.3,-0.3,0.950419,-1.00531,-2.24533,
784,30,0.3,-0.3,0.950386,-1.00535,-2.2684,
785,31,0.3,-0.3,0.950386,-1.00535,-2.29107,
786,32,0.3,-0.3,0.950421,-1.00531,-2.31414,
787,33,0.3,-0.3,0.950385,-1.00535,-2.33721,
788,34,0.3,-0.3,0.950385,-1.00535,-2.35988,
789,35,0.3,-0.3,0.950423,-1.00531,-2.38295,
790,36,0.3,-0.3,0.950384,-1.00535,-2.40602,
791,37,0.3,-0.3,0.950384,-1.00535,-2.42869,
792,38,0.3,-0.3,0.950384,-1.00535,-2.45136,
793,39,0.3,-0.3,0.950425,-1.00532,-2.47443,
794,40,0.3,-0.3,0.950383,-1.00535,-2.49751,
795,41,0.3,-0.3,0.950383,-1.00535,-2.52017,
796,42,0.3,-0.3,0.950427,-1.00532,-2.54325,
797,43,0.3,-0.3,0.950383,-1.00535,-2.56632,
798,44,0.3,-0.3,0.950383,-1.00535,-2.58899,
799,45,0.3,-0.3,0.950428,-1.00532,-2.61206,
800,46,0.3,-0.3,0.950382,-1.00535,-2.63513,
801,47,0.3,-0.3,0.950382,-1.00535,-2.6578,
802,48,0.3,-0.3,0.950429,-1.00532,-2.68087,
803,49,0.3,-0.3,0.950429,-1.00532,-2.70354,
804,50,0.3,-0.3,0.950381,-1.00534,-2.72661,
805,51,0.3,-0.3,0.950381,-1.00534,-2.74928,
806,52,0.3,-0.3,0.95043,-1.00532,-2.77235,
807,53,0.3,-0.3,0.950381,-1.00534,-2.79543,
808,54,0.3,-0.3,0.950381,-1.00534,-2.81809,
809,55,0.3,-0.3,0.950431,-1.00533,-2.84117,
810,56,0.3,-0.3,0.95038,-1.00534,-2.86424,
811,57,0.3,-0.3,0.95038,-1.00534,-2.88691,
812,58,0.3,-0.3,0.950431,-1.00533,-2.90998,
813,59,0.3,-0.3,0.95038,-1.00534,-2.93305,
814,60,0.3,-0.3,0.95038,-1.00534,-2.95572,
815,61,0.3,-0.3,0.950432,-1.00533,-2.97879,
816,62,0.3,-0.3,0.950432,-1.00533,-3.00146,
817,63,0.3,-0.3,0.95038,-1.00534,-3.02453,
818,64,0.3,-0.3,0.95038,-1.00534,-3.0472,
819,65,0.3,-0.3,0.950432,-1.00533,-3.07027,
820,66,0.3,-0.3,0.950379,-1.00534,-3.09335,
821,67,0.3,-0.3,0.950379,-1.00534,-3.11601,
822,68,0.3,-0.3,0.950432,-1.00534,-3.13909,
823,69,0.3,-0.3,0.95038,-1.00533,-3.16216,
824,70,0.3,-0.3,0.95038,-1.00533,-3.18483,
825,71,0.3,-0.3,0.950432,-1.00534,-3.2079,
826,72,0,0,0.95038,-1.00533,-3.23097,
827,0,0,0,0.95038,-1.00533,-3.25364,
828,1,0.3,0.3,0.95038,-1.00533,-3.25364,
829,2,0.3,0.3,0.95038,-1.00533,-3.25364,
830,3,0.3,0.3,0.947504,-1.00501,-3.25404,
831,4,0.3,0.3,0.944575,-1.00468,-3.25404,
832,5,0.3,0.3,0.941543,-1.00434,-3.25404,
833,6,0.3,0.3,0.938614,-1.004,-3.25404,
834,7,0.3,0.3,0.935686,-1.00367,-3.25404,
835,8,0.3,0.3,0.932654,-1.00333,-3.25404,
836,9,0.3,0.3,0.929725,-1.003,-3.25404,
837,10,0.3,0.3,0.926797,-1.00267,-3.25404,
838,11,0.3,0.3,0.923764,-1.00233,-3.25404,
839,12,0.3,0.3,0.920836,-1.002,-3.25404,
840,13,0.3,0.3,0.917908,-1.00167,-3.25404,
841,14,0.3,0.3,0.914928,-1.00133,-3.25445,
842,15,0.3,0.3,0.911947,-1.00099,-3.25404,
843,16,0.3,0.3,0.909019,-1.00066,-3.25404,
844,17,0.3,0.3,0.906091,-1.00033,-3.25404,
845,18,0.3,0.3,0.903058,-0.999988,-3.25404,
846,19,0.3,0.3,0.90013,-0.999658,-3.25404,
847,20,0.3,0.3,0.897201,-0.999327,-3.25404,
848,21,0.3,0.3,0.894169,-0.998984,-3.25404,
849,22,0.3,0.3,0.891241,-0.998654,-3.25404,
850,23,0.3,0.3,0.888312,-0.998323,-3.25404,
851,24,0.3,0.3,0.88528,-0.997981,-3.25404,
852,25,0.3,0.3,0.882351,-0.99765,-3.25404,
853,26,0.3,0.3,0.879423,-0.997319,-3.25404,
854,27,0.3,0.3,0.876443,-0.996981,-3.25445,
855,28,0.3,0.3,0.873462,-0.996645,-3.25404,
856,29,0.3,0.3,0.870534,-0.996314,-3.25404,
857,30,0.3,0.3,0.867606,-0.995983,-3.25404,
858,31,0.3,0.3,0.864573,-0.995641,-3.25404,
859,32,0.3,0.3,0.861645,-0.99531,-3.25404,
860,33,0.3,0.3,0.858717,-0.99498,-3.25404,
861,34,0.3,0.3,0.855684,-0.994637,-3.25404,
862,35,0.3,0.3,0.852756,-0.994307,-3.25404,
863,36,0.3,0.3,0.849828,-0.993976,-3.25404,
864,37,0.3,0.3,0.846795,-0.993633,-3.25404,
865,38,0.3,0.3,0.843867,-0.993303,-3.25404,
866,39,0.3,0.3,0.840938,-0.992972,-3.25404,
867,40,0.3,0.3,0.83801,-0.992641,-3.25404,
868,41,0.3,0.3,0.834977,-0.992299,-3.25404,
869,42,0.3,0.3,0.832049,-0.991968,-3.25404,
870,43,0.3,0.3,0.829121,-0.991637,-3.25404,
871,44,0.3,0.3,0.826088,-0.991295,-3.25404,
872,45,0.3,0.3,0.82316,-0.990964,-3.25404,
873,46,0.3,0.3,0.820232,-0.990634,-3.25404,
874,47,0.3,0.3,0.817199,-0.990291,-3.25404,
875,48,0.3,0.3,0.814271,-0.989961,-3.25404,
876,49,0.3,0.3,0.811343,-0.98963,-3.25404,
877,50,0.3,0.3,0.80831,-0.989287,-3.25404,
878,51,0.3,0.3,0.805382,-0.988957,-3.25404,
879,52,0.3,0.3,0.802453,-0.988626,-3.25404,
880,53,0.3,0.3,0.799525,-0.988295,-3.25404,
881,54,0.3,0.3,0.796492,-0.987953,-3.25404,
882,55,0.3,0.3,0.793564,-0.987622,-3.25404,
883,56,0.3,0.3,0.790636,-0.987291,-3.25404,
884,57,0.3,0.3,0.787603,-0.986949,-3.25404,
885,58,0.3,0.3,0.784675,-0.986618,-3.25404,
886,59,0.3,0.3,0.781747,-0.986288,-3.25404,
887,60,0.3,0.3,0.778714,-0.985945,-3.25404,
888,61,0.3,0.3,0.775786,-0.985615,-3.25404,
889,62,0.3,0.3,0.772858,-0.985284,-3.25404,
890,63,0.3,0.3,0.769877,-0.984946,-3.25445,
891,64,0.3,0.3,0.766897,-0.984609,-3.25404,
892,65,0.3,0.3,0.763969,-0.984279,-3.25404,
893,66,0.3,0.3,0.76104,-0.983948,-3.25404,
894,67,0.3,0.3,0.758008,-0.983606,-3.25404,
895,68,0.3,0.3,0.755079,-0.983275,-3.25404,
896,69,0.3,0.3,0.752151,-0.982944,-3.25404,
897,70,0.3,0.3,0.749118,-0.982602,-3.25404,
898,71,0.3,0.3,0.74619,-0.982271,-3.25404,
899,72,0.3,0.3,0.743262,-0.98194,-3.25404,
900,73,0.3,0.3,0.740229,-0.981598,-3.25404,
901,74,0.3,0.3,0.737301,-0.981267,-3.25404,
902,75,0.3,0.3,0.734373,-0.980937,-3.25404,
903,76,0.3,0.3,0.731392,-0.980599,-3.25445,
904,77,0.3,0.3,0.728412,-0.980262,-3.25404,
905,78,0.3,0.3,0.725484,-0.979932,-3.25404,
906,79,0.3,0.3,0.722556,-0.979601,-3.25404,
907,80,0.3,0.3,0.719523,-0.979258,-3.25404,
908,81,0.3,0.3,0.716595,-0.978928,-3.25404,
909,82,0.3,0.3,0.713666,-0.978597,-3.25404,
910,83,0.3,0.3,0.710634,-0.978255,-3.25404,
911,84,0.3,0.3,0.707705,-0.977924,-3.25404,
912,85,0.3,0.3,0.704777,-0.977593,-3.25404,
913,86,0.3,0.3,0.701744,-0.977251,-3.25404,
914,87,0.3,0.3,0.698816,-0.97692,-3.25404,
915,88,0.3,0.3,0.695888,-0.976589,-3.25404,
916,89,0.3,0.3,0.692908,-0.976252,-3.25445,
917,90,0.3,0.3,0.689927,-0.975915,-3.25404,
918,91,0.3,0.3,0.686999,-0.975584,-3.25404,
919,92,0.3,0.3,0.684071,-0.975254,-3.25404,
920,93,0.3,0.3,0.681038,-0.974911,-3.25404,
921,94,0.3,0.3,0.67811,-0.974581,-3.25404,
922,95,0.3,0.3,0.675182,-0.97425,-3.25404,
923,96,0.3,0.3,0.672149,-0.973907,-3.25404,
924,97,0.3,0.3,0.669221,-0.973577,-3.25404,
925,98,0.3,0.3,0.666292,-0.973246,-3.25404,
926,99,0.3,0.3,0.66326,-0.972904,-3.25404,
927,100,0.3,0.3,0.660331,-0.972573,-3.25404,
928,101,0.3,0.3,0.657403,-0.972242,-3.25404,
929,102,0.3,0.3,0.654475,-0.971912,-3.25404,
930,103,0.3,0.3,0.651442,-0.971569,-3.25404,
931,104,0.3,0.3,0.648514,-0.971238,-3.25404,
932,105,0.3,0.3,0.645586,-0.970908,-3.25404,
933,106,0.3,0.3,0.642553,-0.970565,-3.25404,
934,107,0.3,0.3,0.639625,-0.970235,-3.25404,
935,108,0.3,0.3,0.636697,-0.969904,-3.25404,
936,109,0.3,0.3,0.633664,-0.969561,-3.25404,
937,110,0.3,0.3,0.630736,-0.969231,-3.25404,
938,111,0.3,0.3,0.627807,-0.9689,-3.25404,
939,112,0.3,0.3,0.624775,-0.968558,-3.25404,
940,113,0.3,0.3,0.621846,-0.968227,-3.25404,
941,114,0.3,0.3,0.618918,-0.967896,-3.25404,
942,115,0.3,0.3,0.61599,-0.967566,-3.25404,
943,116,0.3,0.3,0.612957,-0.967223,-3.25404,
944,117,0.3,0.3,0.610029,-0.966892,-3.25404,
945,118,0.3,0.3,0.607101,-0.966562,-3.25404,
946,119,0.3,0.3,0.604068,-0.966219,-3.25404,
947,120,0.3,0.3,0.60114,-0.965889,-3.25404,
948,121,0.3,0.3,0.598212,-0.965558,-3.25404,
949,122,0.3,0.3,0.595179,-0.965215,-3.25404,
950,123,0.3,0.3,0.592251,-0.964885,-3.25404,
951,124,0.3,0.3,0.589323,-0.964554,-3.25404,
952,125,0.3,0.3,0.586342,-0.964216,-3.25445,
953,126,0.3,0.3,0.583362,-0.96388,-3.25404,
954,127,0.3,0.3,0.580433,-0.963549,-3.25404,
955,128,0.3,0.3,0.577505,-0.963218,-3.25404,
956,129,0.3,0.3,0.574472,-0.962876,-3.25404,
957,130,0.3,0.3,0.571544,-0.962545,-3.25404,
958,131,0.3,0.3,0.568616,-0.962214,-3.25404,
959,132,0.3,0.3,0.565583,-0.961872,-3.25404,
960,133,0.3,0.3,0.562655,-0.961541,-3.25404,
961,134,0.3,0.3,0.559727,-0.961211,-3.25404,
962,135,0.3,0.3,0.556694,-0.960868,-3.25404,
963,136,0.3,0.3,0.553766,-0.960538,-3.25404,
964,137,0.3,0.3,0.550838,-0.960207,-3.25404,
965,138,0.3,0.3,0.547857,-0.959869,-3.25445,
966,139,0.3,0.3,0.544877,-0.959532,-3.25404,
967,140,0.3,0.3,0.541949,-0.959202,-3.25404,
968,141,0.3,0.3,0.53902,-0.958871,-3.25404,
969,142,0.3,0.3,0.535988,-0.958529,-3.25404,
970,143,0.3,0.3,0.533059,-0.958198,-3.25404,
971,144,0.3,0.3,0.530131,-0.957867,-3.25404,
972,145,0.3,0.3,0.527098,-0.957525,-3.25404,
973,146,0.3,0.3,0.52417,-0.957194,-3.25404,
974,147,0.3,0.3,0.521242,-0.956863,-3.25404,
975,148,0.3,0.3,0.518209,-0.956521,-3.25404,
976,149,0.3,0.3,0.515281,-0.95619,-3.25404,
977,150,0.3,0.3,0.512353,-0.95586,-3.25404,
978,151,0.3,0.3,0.509373,-0.955522,-3.25445,
979,152,0.3,0.3,0.506392,-0.955185,-3.25404,
980,153,0.3,0.3,0.503464,-0.954855,-3.25404,
981,154,0.3,0.3,0.500536,-0.954524,-3.25404,
982,155,0.3,0.3,0.497503,-0.954181,-3.25404,
983,156,0.3,0.3,0.494575,-0.953851,-3.25404,
984,157,0.3,0.3,0.491646,-0.95352,-3.25404,
985,158,0.3,0.3,0.488614,-0.953178,-3.25404,
986,159,0.3,0.3,0.485685,-0.952847,-3.25404,
987,160,0.3,0.3,0.482757,-0.952516,-3.25404,
988,161,0.3,0.3,0.479725,-0.952174,-3.25404,
989,162,0.3,0.3,0.476796,-0.951843,-3.25404,
990,163,0.3,0.3,0.473868,-0.951512,-3.25404,
991,164,0.3,0.3,0.47094,-0.951182,-3.25404,
992,165,0.3,0.3,0.467907,-0.950839,-3.25404,
993,166,0.3,0.3,0.464979,-0.950509,-3.25404,
994,167,0.3,0.3,0.462051,-0.950178,-3.25404,
995,168,0.3,0.3,0.459018,-0.949835,-3.25404,
996,169,0.3,0.3,0.45609,-0.949505,-3.25404,
997,170,0.3,0.3,0.453162,-0.949174,-3.25404,
998,171,0.3,0.3,0.450129,-0.948832,-3.25404,
999,172,0.3,0.3,0.447201,-0.948501,-3.25404,
1000,173,0.3,0.3,0.444272,-0.94817,-3.25404,
1001,174,0.3,0.3,0.44124,-0.947828,-3.25404,
1002,175,0.3,0.3,0.438311,-0.947497,-3.25404,
1003,176,0.3,0.3,0.435383,-0.947166,-3.25404,
1004,177,0.3,0.3,0.432455,-0.946836,-3.25404,
1005,178,0.3,0.3,0.429422,-0.946493,-3.25404,
1006,179,0.3,0.3,0.426494,-0.946163,-3.25404,
1007,180,0.3,0.3,0.423566,-0.945832,-3.25404,
1008,181,0.3,0.3,0.420533,-0.945489,-3.25404,
1009,182,0.3,0.3,0.417605,-0.945159,-3.25404,
1010,183,0.3,0.3,0.414677,-0.944828,-3.25404,
1011,184,0.3,0.3,0.411644,-0.944486,-3.25404,
1012,185,0.3,0.3,0.408716,-0.944155,-3.25404,
1013,186,0.3,0.3,0.405787,-0.943824,-3.25404,
1014,187,0.3,0.3,0.402807,-0.943486,-3.25445,
1015,188,0.3,0.3,0.399827,-0.94315,-3.25404,
1016,189,0.3,0.3,0.396898,-0.942819,-3.25404,
1017,190,0.3,0.3,0.39397,-0.942489,-3.25404,
1018,191,0.3,0.3,0.390937,-0.942146,-3.25404,
1019,192,0.3,0.3,0.388009,-0.941815,-3.25404,
1020,193,0.3,0.3,0.385081,-0.941485,-3.25404,
1021,194,0.3,0.3,0.382048,-0.941142,-3.25404,
1022,195,0.3,0.3,0.37912,-0.940812,-3.25404,
1023,196,0.3,0.3,0.376192,-0.940481,-3.25404,
1024,197,0.3,0.3,0.373159,-0.940138,-3.25404,
1025,198,0.3,0.3,0.370231,-0.939808,-3.25404,
1026,199,0.3,0.3,0.367303,-0.939477,-3.25404,
1027,200,0.3,0.3,0.364322,-0.939139,-3.25445,
1028,201,0.3,0.3,0.361342,-0.938803,-3.25404,
1029,202,0.3,0.3,0.358414,-0.938472,-3.25404,
1030,203,0.3,0.3,0.355485,-0.938141,-3.25404,
1031,204,0.3,0.3,0.352453,-0.937799,-3.25404,
1032,205,0.3,0.3,0.349524,-0.937468,-3.25404,
1033,206,0.3,0.3,0.346596,-0.937138,-3.25404,
1034,207,0.3,0.3,0.343563,-0.936795,-3.25404,
1035,208,0.3,0.3,0.340635,-0.936464,-3.25404,
1036,209,0.3,0.3,0.337707,-0.936134,-3.25404,
1037,210,0.3,0.3,0.334674,-0.935791,-3.25404,
1038,211,0.3,0.3,0.331746,-0.935461,-3.25404,
1039,212,0.3,0.3,0.328818,-0.93513,-3.25404,
1040,213,0.3,0.3,0.325837,-0.934792,-3.25445,
1041,214,0.3,0.3,0.322857,-0.934455,-3.25404,
1042,215,0.3,0.3,0.319929,-0.934125,-3.25404,
1043,216,0.3,0.3,0.317001,-0.933794,-3.25404,
1044,217,0.3,0.3,0.313968,-0.933452,-3.25404,
1045,218,0.3,0.3,0.31104,-0.933121,-3.25404,
1046,219,0.3,0.3,0.308111,-0.93279,-3.25404,
1047,220,0.3,0.3,0.305079,-0.932448,-3.25404,
1048,221,0.3,0.3,0.30215,-0.932117,-3.25404,
1049,222,0.3,0.3,0.299222,-0.931786,-3.25404,
1050,223,0.3,0.3,0.296189,-0.931444,-3.25404,
1051,224,0.3,0.3,0.293261,-0.931113,-3.25404,
1052,225,0.3,0.3,0.290333,-0.930783,-3.25404,
1053,226,0.3,0.3,0.287405,-0.930452,-3.25404,
1054,227,0.3,0.3,0.284372,-0.930109,-3.25404,
1055,228,0.3,0.3,0.281444,-0.929779,-3.25404,
1056,229,0.3,0.3,0.278516,-0.929448,-3.25404,
1057,230,0.3,0.3,0.275483,-0.929106,-3.25404,
1058,231,0.3,0.3,0.272555,-0.928775,-3.25404,
1059,232,0.3,0.3,0.269626,-0.928444,-3.25404,
1060,233,0.3,0.3,0.266594,-0.928102,-3.25404,
1061,234,0.3,0.3,0.263665,-0.927771,-3.25404,
1062,235,0.3,0.3,0.260737,-0.92744,-3.25404,
1063,236,0.3,0.3,0.257704,-0.927098,-3.25404,
1064,237,0.3,0.3,0.254776,-0.926767,-3.25404,
1065,238,0.3,0.3,0.251848,-0.926437,-3.25404,
1066,239,0.3,0.3,0.24892,-0.926106,-3.25404,
1067,240,0.3,0.3,0.245887,-0.925763,-3.25404,
1068,241,0.3,0.3,0.242959,-0.925433,-3.25404,
1069,242,0.3,0.3,0.240031,-0.925102,-3.25404,
1070,243,0.3,0.3,0.236998,-0.92476,-3.25404,
1071,244,0.3,0.3,0.23407,-0.924429,-3.25404,
1072,245,0.3,0.3,0.231141,-0.924098,-3.25404,
1073,246,0.3,0.3,0.228109,-0.923756,-3.25404,
1074,247,0.3,0.3,0.22518,-0.923425,-3.25404,
1075,248,0.3,0.3,0.222252,-0.923094,-3.25404,
1076,249,0.3,0.3,0.21922,-0.922752,-3.25404,
1077,250,0.3,0.3,0.216291,-0.922421,-3.25404,
1078,251,0.3,0.3,0.213363,-0.922091,-3.25404,
1079,252,0.3,0.3,0.210435,-0.92176,-3.25404,
1080,253,0.3,0.3,0.207402,-0.921417,-3.25404,
1081,254,0.3,0.3,0.204474,-0.921087,-3.25404,
1082,255,0.3,0.3,0.201546,-0.920756,-3.25404,
1083,256,0.3,0.3,0.198513,-0.920414,-3.25404,
1084,257,0.3,0.3,0.195585,-0.920083,-3.25404,
1085,258,0.3,0.3,0.192657,-0.919752,-3.25404,
1086,259,0.3,0.3,0.189624,-0.91941,-3.25404,
1087,260,0.3,0.3,0.186696,-0.919079,-3.25404,
1088,261,0.3,0.3,0.183767,-0.918748,-3.25404,
1089,262,0.3,0.3,0.180787,-0.918411,-3.25445,
1090,263,0.3,0.3,0.177807,-0.918074,-3.25404,
1091,264,0.3,0.3,0.174878,-0.917743,-3.25404,
1092,265,0.3,0.3,0.17195,-0.917413,-3.25404,
1093,266,0.3,0.3,0.168917,-0.91707,-3.25404,
1094,267,0.3,0.3,0.165989,-0.91674,-3.25404,
1095,268,0.3,0.3,0.163061,-0.916409,-3.25404,
1096,269,0.3,0.3,0.160028,-0.916066,-3.25404,
1097,270,0.3,0.3,0.1571,-0.915736,-3.25404,
1098,271,0.3,0.3,0.154172,-0.915405,-3.25404,
1099,272,0.3,0.3,0.151139,-0.915063,-3.25404,
1100,273,0.3,0.3,0.148211,-0.914732,-3.25404,
1101,274,0.3,0.3,0.145283,-0.914401,-3.25404,
1102,275,0.3,0.3,0.142302,-0.914063,-3.25445,
1103,276,0.3,0.3,0.139322,-0.913727,-3.25404,
1104,277,0.3,0.3,0.136394,-0.913396,-3.25404,
1105,278,0.3,0.3,0.133465,-0.913066,-3.25404,
1106,279,0.3,0.3,0.130433,-0.912723,-3.25404,
1107,280,0.3,0.3,0.127504,-0.912392,-3.25404,
1108,281,0.3,0.3,0.124576,-0.912062,-3.25404,
1109,282,0.3,0.3,0.121543,-0.911719,-3.25404,
1110,283,0.3,0.3,0.118615,-0.911389,-3.25404,
1111,284,0.3,0.3,0.115687,-0.911058,-3.25404,
1112,285,0.3,0.3,0.112654,-0.910715,-3.25404,
1113,286,0.3,0.3,0.109726,-0.910385,-3.25404,
1114,287,0.3,0.3,0.106798,-0.910054,-3.25404,
1115,288,0.3,0.3,0.10387,-0.909723,-3.25404,
1116,289,0.3,0.3,0.100837,-0.909381,-3.25404,
1117,290,0.3,0.3,0.0979086,-0.90905,-3.25404,
1118,291,0.3,0.3,0.0949804,-0.90872,-3.25404,
1119,292,0.3,0.3,0.0919476,-0.908377,-3.25404,
1120,293,0.3,0.3,0.0890194,-0.908046,-3.25404,
1121,294,0.3,0.3,0.0860912,-0.907716,-3.25404,
1122,295,0.3,0.3,0.0830584,-0.907373,-3.25404,
1123,296,0.3,0.3,0.0801302,-0.907043,-3.25404,
1124,297,0.3,0.3,0.077202,-0.906712,-3.25404,
1125,298,0.3,0.3,0.0741692,-0.906369,-3.25404,
1126,299,0.3,0.3,0.071241,-0.906039,-3.25404,
1127,300,0.3,0.3,0.0683128,-0.905708,-3.25404,
1128,301,0.3,0.3,0.0653846,-0.905377,-3.25404,
1129,302,0.3,0.3,0.0623518,-0.905035,-3.25404,
1130,303,0.3,0.3,0.0594236,-0.904704,-3.25404,
1131,304,0.3,0.3,0.0564954,-0.904374,-3.25404,
1132,305,0.3,0.3,0.0534626,-0.904031,-3.25404,
1133,306,0.3,0.3,0.0505344,-0.9037,-3.25404,
1134,307,0.3,0.3,0.0476062,-0.90337,-3.25404,
1135,308,0.3,0.3,0.0445735,-0.903027,-3.25404,
1136,309,0.3,0.3,0.0416453,-0.902697,-3.25404,
1137,310,0.3,0.3,0.0387171,-0.902366,-3.25404,
1138,311,0.3,0.3,0.0356843,-0.902023,-3.25404,
1139,312,0.3,0.3,0.0327561,-0.901693,-3.25404,
1140,313,0.3,0.3,0.0298279,-0.901362,-3.25404,
1141,314,0.3,0.3,0.0268997,-0.901031,-3.25404,
1142,315,0.3,0.3,0.0238669,-0.900689,-3.25404,
1143,316,0.3,0.3,0.0209387,-0.900358,-3.25404,
1144,317,0.3,0.3,0.0180105,-0.900028,-3.25404,
1145,318,0.3,0.3,0.0149777,-0.899685,-3.25404,
1146,319,0.3,0.3,0.0120495,-0.899354,-3.25404,
1147,320,0.3,0.3,0.00912129,-0.899024,-3.25404,
1148,321,0.3,0.3,0.00608851,-0.898681,-3.25404,
1149,322,0.3,0.3,0.00316031,-0.898351,-3.25404,
1150,323,0.3,0.3,0.00023211,-0.89802,-3.25404,
1151,324,0.3,0.3,-0.00274825,-0.897682,-3.25445,
1152,325,0.3,0.3,-0.00572874,-0.897346,-3.25404,
1153,326,0.3,0.3,-0.00865694,-0.897015,-3.25404,
1154,327,0.3,0.3,-0.0115851,-0.896684,-3.25404,
1155,328,0.3,0.3,-0.0146179,-0.896342,-3.25404,
1156,329,0.3,0.3,-0.0175461,-0.896011,-3.25404,
1157,330,0.3,0.3,-0.0204743,-0.89568,-3.25404,
1158,331,0.3,0.3,-0.0235071,-0.895338,-3.25404,
1159,332,0.3,0.3,-0.0264353,-0.895007,-3.25404,
1160,333,0.3,0.3,-0.0293635,-0.894677,-3.25404,
1161,334,0.3,0.3,-0.0323963,-0.894334,-3.25404,
1162,335,0.3,0.3,-0.0353245,-0.894003,-3.25404,
1163,336,0.3,0.3,-0.0382527,-0.893673,-3.25404,
1164,337,0.3,0.3,-0.041233,-0.893335,-3.25445,
1165,338,0.3,0.3,-0.0442135,-0.892998,-3.25404,
1166,339,0,0,-0.0471417,-0.892668,-3.25404,
1167,0,0,0,-0.0500699,-0.892337,-3.25404,
1168,1,0.3,-0.3,-0.0500699,-0.892337,-3.25404,
1169,2,0.3,-0.3,-0.0500699,-0.892337,-3.25404,
1170,3,0.3,-0.3,-0.0501742,-0.892323,-3.27671,
1171,4,0.3,-0.3,-0.0501742,-0.892323,-3.29938,
1172,5,0.3,-0.3,-0.0501225,-0.892332,-3.32245,
1173,6,0.3,-0.3,-0.050174,-0.892322,-3.34552,
1174,7,0.3,-0.3,-0.050174,-0.892322,-3.36819,
1175,8,0.3,-0.3,-0.050174,-0.892322,-3.39086,
1176,9,0.3,-0.3,-0.050174,-0.892322,-3.41434,
1177,10,0.3,-0.3,-0.050174,-0.892322,-3.43701,
1178,11,0.3,-0.3,-0.050174,-0.892322,-3.45967,
1179,12,0.3,-0.3,-0.050174,-0.892322,-3.48315,
1180,13,0.3,-0.3,-0.050174,-0.892322,-3.50582,
1181,14,0.3,-0.3,-0.050174,-0.892322,-3.52849,
1182,15,0.3,-0.3,-0.0501257,-0.892343,-3.55156,
1183,16,0.3,-0.3,-0.0501735,-0.89232,-3.57463,
1184,17,0.3,-0.3,-0.0501735,-0.89232,-3.5973,
1185,18,0.3,-0.3,-0.0501268,-0.892345,-3.62037,
1186,19,0.3,-0.3,-0.0501729,-0.892319,-3.64344,
1187,20,0.3,-0.3,-0.0501729,-0.892319,-3.66611,
1188,21,0.3,-0.3,-0.0501729,-0.892319,-3.68878,
1189,22,0.3,-0.3,-0.0501729,-0.892319,-3.71226,
1190,23,0.3,-0.3,-0.0501729,-0.892319,-3.73492,
1191,24,0.3,-0.3,-0.0501729,-0.892319,-3.75759,
1192,25,0.3,-0.3,-0.0501307,-0.892351,-3.78067,
1193,26,0.3,-0.3,-0.0501722,-0.892318,-3.80374,
1194,27,0.3,-0.3,-0.0501722,-0.892318,-3.82641,
1195,28,0.3,-0.3,-0.0501322,-0.892353,-3.84948,
1196,29,0.3,-0.3,-0.0501714,-0.892318,-3.87255,
1197,30,0.3,-0.3,-0.0501714,-0.892318,-3.89522,
1198,31,0.3,-0.3,-0.0501714,-0.892318,-3.91789,
1199,32,0.3,-0.3,-0.0501714,-0.892318,-3.94136,
1200,33,0.3,-0.3,-0.0501714,-0.892318,-3.96403,
1201,34,0.3,-0.3,-0.0501714,-0.892318,-3.9867,
1202,35,0.3,-0.3,-0.0501714,-0.892318,-4.01018,
1203,36,0.3,-0.3,-0.0501714,-0.892318,-4.03284,
1204,37,0.3,-0.3,-0.0501714,-0.892318,-4.05551,
1205,38,0.3,-0.3,-0.0501402,-0.89236,-4.07858,
1206,39,0.3,-0.3,-0.0501704,-0.892317,-4.10166,
1207,40,0.3,-0.3,-0.0501704,-0.892317,-4.12433,
1208,41,0.3,-0.3,-0.0501422,-0.892361,-4.1474,
1209,42,0.3,-0.3,-0.0501694,-0.892316,-4.17047,
1210,43,0.3,-0.3,-0.0501694,-0.892316,-4.19314,
1211,44,0.3,-0.3,-0.0501694,-0.892316,-4.21581,
1212,45,0.3,-0.3,-0.0501694,-0.892316,-4.23928,
1213,46,0.3,-0.3,-0.0501694,-0.892316,-4.26195,
1214,47,0.3,-0.3,-0.0501694,-0.892316,-4.28462,
1215,48,0.3,-0.3,-0.0501694,-0.892316,-4.3081,
1216,49,0.3,-0.3,-0.0501694,-0.892316,-4.33076,
1217,50,0.3,-0.3,-0.0501694,-0.892316,-4.35343,
1218,51,0.3,-0.3,-0.050152,-0.892366,-4.3765,
1219,52,0.3,-0.3,-0.0501682,-0.892316,-4.39958,
1220,53,0.3,-0.3,-0.0501682,-0.892316,-4.42224,
1221,54,0.3,-0.3,-0.0501543,-0.892367,-4.44532,
1222,55,0.3,-0.3,-0.050167,-0.892315,-4.46839,
1223,56,0.3,-0.3,-0.050167,-0.892315,-4.49106,
1224,57,0.3,-0.3,-0.050167,-0.892315,-4.51373,
1225,58,0.3,-0.3,-0.050167,-0.892315,-4.5372,
1226,59,0.3,-0.3,-0.050167,-0.892315,-4.55987,
1227,60,0.3,-0.3,-0.050167,-0.892315,-4.58254,
1228,61,0.3,-0.3,-0.050167,-0.892315,-4.60602,
1229,62,0.3,-0.3,-0.050167,-0.892315,-4.62868,
1230,63,0.3,-0.3,-0.050167,-0.892315,-4.65135,
1231,64,0.3,-0.3,-0.0501651,-0.892368,-4.67442,
1232,65,0.3,-0.3,-0.0501658,-0.892315,-4.6975,
1233,66,0.3,-0.3,-0.0501658,-0.892315,-4.72016,
1234,67,0.3,-0.3,-0.0501675,-0.892368,-4.74324,
1235,68,0.3,-0.3,-0.0501646,-0.892316,-4.76631,
1236,69,0.3,-0.3,-0.0501646,-0.892316,-4.78898,
1237,70,0.3,-0.3,-0.0501646,-0.892316,-4.81165,
1238,71,0.3,-0.3,-0.0501646,-0.892316,-4.83512,
1239,72,0,0,-0.0501646,-0.892316,-4.85779,
1240,0,0,0,-0.0501646,-0.892316,-4.88046,
1241,1,0.3,0.3,-0.0501646,-0.892316,-4.88046,
1242,2,0.3,0.3,-0.0501646,-0.892316,-4.88046,
1243,3,0.3,0.3,-0.0496693,-0.889411,-4.88127,
1244,4,0.3,0.3,-0.049174,-0.886506,-4.88127,
1245,5,0.3,0.3,-0.0486711,-0.883549,-4.88086,
1246,6,0.3,0.3,-0.048177,-0.880644,-4.88086,
1247,7,0.3,0.3,-0.0476728,-0.877687,-4.88127,
1248,8,0.3,0.3,-0.0471776,-0.874782,-4.88127,
1249,9,0.3,0.3,-0.0466746,-0.871825,-4.88086,
1250,10,0.3,0.3,-0.0461705,-0.868868,-4.88127,
1251,11,0.3,0.3,-0.0456752,-0.865963,-4.88127,
1252,12,0.3,0.3,-0.0451722,-0.863006,-4.88086,
1253,13,0.3,0.3,-0.0446681,-0.86005,-4.88127,
1254,14,0.3,0.3,-0.0441728,-0.857145,-4.88127,
1255,15,0.3,0.3,-0.0436699,-0.854188,-4.88086,
1256,16,0.3,0.3,-0.0431758,-0.851283,-4.88086,
1257,17,0.3,0.3,-0.0426716,-0.848326,-4.88127,
1258,18,0.3,0.3,-0.0421687,-0.845369,-4.88086,
1259,19,0.3,0.3,-0.0416746,-0.842464,-4.88086,
1260,20,0.3,0.3,-0.0411704,-0.839507,-4.88127,
1261,21,0.3,0.3,-0.0406751,-0.836602,-4.88127,
1262,22,0.3,0.3,-0.0401722,-0.833645,-4.88086,
1263,23,0.3,0.3,-0.0396681,-0.830688,-4.88127,
1264,24,0.3,0.3,-0.0391728,-0.827784,-4.88127,
1265,25,0.3,0.3,-0.0386698,-0.824827,-4.88086,
1266,26,0.3,0.3,-0.0381657,-0.82187,-4.88127,
1267,27,0.3,0.3,-0.0376704,-0.818965,-4.88127,
1268,28,0.3,0.3,-0.0371675,-0.816008,-4.88086,
1269,29,0.3,0.3,-0.0366733,-0.813103,-4.88086,
1270,30,0.3,0.3,-0.0361692,-0.810146,-4.88127,
1271,31,0.3,0.3,-0.0356663,-0.807189,-4.88086,
1272,32,0.3,0.3,-0.0351722,-0.804284,-4.88086,
1273,33,0.3,0.3,-0.034668,-0.801327,-4.88127,
1274,34,0.3,0.3,-0.0341727,-0.798422,-4.88127,
1275,35,0.3,0.3,-0.0336698,-0.795465,-4.88086,
1276,36,0.3,0.3,-0.0331657,-0.792509,-4.88127,
1277,37,0.3,0.3,-0.0326704,-0.789604,-4.88127,
1278,38,0.3,0.3,-0.0321674,-0.786647,-4.88086,
1279,39,0.3,0.3,-0.0316633,-0.78369,-4.88127,
1280,40,0.3,0.3,-0.031168,-0.780785,-4.88127,
1281,41,0.3,0.3,-0.0306651,-0.777828,-4.88086,
1282,42,0.3,0.3,-0.0301709,-0.774923,-4.88086,
1283,43,0.3,0.3,-0.0296668,-0.771966,-4.88127,
1284,44,0.3,0.3,-0.0291639,-0.769009,-4.88086,
1285,45,0.3,0.3,-0.0286697,-0.766104,-4.88086,
1286,46,0.3,0.3,-0.0281656,-0.763148,-4.88127,
1287,47,0.3,0.3,-0.0276703,-0.760243,-4.88127,
1288,48,0.3,0.3,-0.0271674,-0.757286,-4.88086,
1289,49,0.3,0.3,-0.0266632,-0.754329,-4.88127,
1290,50,0.3,0.3,-0.0261679,-0.751424,-4.88127,
1291,51,0.3,0.3,-0.025665,-0.748467,-4.88086,
1292,52,0.3,0.3,-0.0251609,-0.74551,-4.88127,
1293,53,0.3,0.3,-0.0246656,-0.742605,-4.88127,
1294,54,0.3,0.3,-0.0241626,-0.739648,-4.88086,
1295,55,0.3,0.3,-0.0236685,-0.736743,-4.88086,
1296,56,0.3,0.3,-0.0231644,-0.733787,-4.88127,
1297,57,0.3,0.3,-0.0226691,-0.730882,-4.88127,
1298,58,0.3,0.3,-0.0221662,-0.727925,-4.88086,
1299,59,0.3,0.3,-0.021662,-0.724968,-4.88127,
1300,60,0.3,0.3,-0.0211667,-0.722063,-4.88127,
1301,61,0.3,0.3,-0.0206638,-0.719106,-4.88086,
1302,62,0.3,0.3,-0.0201596,-0.716149,-4.88127,
1303,63,0.3,0.3,-0.0196644,-0.713244,-4.88127,
1304,64,0.3,0.3,-0.0191614,-0.710287,-4.88086,
1305,65,0.3,0.3,-0.0186573,-0.707331,-4.88127,
1306,66,0.3,0.3,-0.018162,-0.704426,-4.88127,
1307,67,0.3,0.3,-0.017659,-0.701469,-4.88086,
1308,68,0.3,0.3,-0.0171649,-0.698564,-4.88086,
1309,69,0.3,0.3,-0.0166608,-0.695607,-4.88127,
1310,70,0.3,0.3,-0.0161655,-0.692702,-4.88127,
1311,71,0.3,0.3,-0.0156626,-0.689745,-4.88086,
1312,72,0.3,0.3,-0.0151584,-0.686788,-4.88127,
1313,73,0.3,0.3,-0.0146631,-0.683883,-4.88127,
1314,74,0.3,0.3,-0.0141602,-0.680926,-4.88086,
1315,75,0.3,0.3,-0.0136561,-0.67797,-4.88127,
1316,76,0.3,0.3,-0.0131608,-0.675065,-4.88127,
1317,77,0.3,0.3,-0.0126578,-0.672108,-4.88086,
1318,78,0.3,0.3,-0.0121637,-0.669203,-4.88086,
1319,79,0.3,0.3,-0.0116596,-0.666246,-4.88127,
1320,80,0.3,0.3,-0.0111566,-0.663289,-4.88086,
1321,81,0.3,0.3,-0.0106625,-0.660384,-4.88086,
1322,82,0.3,0.3,-0.0101584,-0.657427,-4.88127,
1323,83,0.3,0.3,-0.00966309,-0.654522,-4.88127,
1324,84,0.3,0.3,-0.00916015,-0.651565,-4.88086,
1325,85,0.3,0.3,-0.00865601,-0.648609,-4.88127,
1326,86,0.3,0.3,-0.00816072,-0.645704,-4.88127,
1327,87,0.3,0.3,-0.00765778,-0.642747,-4.88086,
1328,88,0.3,0.3,-0.00715365,-0.63979,-4.88127,
1329,89,0.3,0.3,-0.00665835,-0.636885,-4.88127,
1330,90,0.3,0.3,-0.00615541,-0.633928,-4.88086,
1331,91,0.3,0.3,-0.0056613,-0.631023,-4.88086,
1332,92,0.3,0.3,-0.00515716,-0.628066,-4.88127,
1333,93,0.3,0.3,-0.00465422,-0.625109,-4.88086,
1334,94,0.3,0.3,-0.00416011,-0.622204,-4.88086,
1335,95,0.3,0.3,-0.00365597,-0.619247,-4.88127,
1336,96,0.3,0.3,-0.00316068,-0.616342,-4.88127,
1337,97,0.3,0.3,-0.00265774,-0.613385,-4.88086,
1338,98,0.3,0.3,-0.0021536,-0.610429,-4.88127,
1339,99,0.3,0.3,-0.00165831,-0.607524,-4.88127,
1340,100,0.3,0.3,-0.00115537,-0.604567,-4.88086,
1341,101,0.3,0.3,-0.000651232,-0.60161,-4.88127,
1342,102,0.3,0.3,-0.00015594,-0.598705,-4.88127,
1343,103,0.3,0.3,0.000347,-0.595748,-4.88086,
1344,104,0.3,0.3,0.000841116,-0.592843,-4.88086,
1345,105,0.3,0.3,0.00134525,-0.589886,-4.88127,
1346,106,0.3,0.3,0.00184819,-0.586929,-4.88086,
1347,107,0.3,0.3,0.00234231,-0.584024,-4.88086,
1348,108,0.3,0.3,0.00284644,-0.581068,-4.88127,
1349,109,0.3,0.3,0.00334174,-0.578163,-4.88127,
1350,110,0.3,0.3,0.00384468,-0.575206,-4.88086,
1351,111,0.3,0.3,0.00434881,-0.572249,-4.88127,
1352,112,0.3,0.3,0.0048441,-0.569344,-4.88127,
1353,113,0.3,0.3,0.00534704,-0.566387,-4.88086,
1354,114,0.3,0.3,0.00585118,-0.56343,-4.88127,
1355,115,0.3,0.3,0.00634647,-0.560525,-4.88127,
1356,116,0.3,0.3,0.00684941,-0.557568,-4.88086,
1357,117,0.3,0.3,0.00734353,-0.554663,-4.88086,
1358,118,0.3,0.3,0.00784767,-0.551707,-4.88127,
1359,119,0.3,0.3,0.00834296,-0.548802,-4.88127,
1360,120,0.3,0.3,0.0088459,-0.545845,-4.88086,
1361,121,0.3,0.3,0.00935003,-0.542888,-4.88127,
1362,122,0.3,0.3,0.00984533,-0.539983,-4.88127,
1363,123,0.3,0.3,0.0103483,-0.537026,-4.88086,
1364,124,0.3,0.3,0.0108524,-0.534069,-4.88127,
1365,125,0.3,0.3,0.0113477,-0.531164,-4.88127,
1366,126,0.3,0.3,0.0118506,-0.528207,-4.88086,
1367,127,0.3,0.3,0.0123548,-0.525251,-4.88127,
1368,128,0.3,0.3,0.0128501,-0.522346,-4.88127,
1369,129,0.3,0.3,0.013353,-0.519389,-4.88086,
1370,130,0.3,0.3,0.0138471,-0.516484,-4.88086,
1371,131,0.3,0.3,0.0143513,-0.513527,-4.88127,
1372,132,0.3,0.3,0.0148465,-0.510622,-4.88127,
1373,133,0.3,0.3,0.0153495,-0.507665,-4.88086,
1374,134,0.3,0.3,0.0158536,-0.504708,-4.88127,
1375,135,0.3,0.3,0.0163489,-0.501803,-4.88127,
1376,136,0.3,0.3,0.0168519,-0.498847,-4.88086,
1377,137,0.3,0.3,0.017356,-0.49589,-4.88127,
1378,138,0.3,0.3,0.0178513,-0.492985,-4.88127,
1379,139,0.3,0.3,0.0183542,-0.490028,-4.88086,
1380,140,0.3,0.3,0.0188483,-0.487123,-4.88086,
1381,141,0.3,0.3,0.0193525,-0.484166,-4.88127,
1382,142,0.3,0.3,0.0198554,-0.481209,-4.88086,
1383,143,0.3,0.3,0.0203495,-0.478304,-4.88086,
1384,144,0.3,0.3,0.0208537,-0.475347,-4.88127,
1385,145,0.3,0.3,0.021349,-0.472442,-4.88127,
1386,146,0.3,0.3,0.0218519,-0.469485,-4.88086,
1387,147,0.3,0.3,0.022356,-0.466529,-4.88127,
1388,148,0.3,0.3,0.0228513,-0.463624,-4.88127,
1389,149,0.3,0.3,0.0233543,-0.460667,-4.88086,
1390,150,0.3,0.3,0.0238584,-0.45771,-4.88127,
1391,151,0.3,0.3,0.0243537,-0.454805,-4.88127,
1392,152,0.3,0.3,0.0248566,-0.451848,-4.88086,
1393,153,0.3,0.3,0.0253508,-0.448943,-4.88086,
1394,154,0.3,0.3,0.0258549,-0.445986,-4.88127,
1395,155,0.3,0.3,0.0263578,-0.443029,-4.88086,
1396,156,0.3,0.3,0.0268519,-0.440124,-4.88086,
1397,157,0.3,0.3,0.0273561,-0.437167,-4.88127,
1398,158,0.3,0.3,0.0278514,-0.434263,-4.88127,
1399,159,0.3,0.3,0.0283543,-0.431306,-4.88086,
1400,160,0.3,0.3,0.0288584,-0.428349,-4.88127,
1401,161,0.3,0.3,0.0293537,-0.425444,-4.88127,
1402,162,0.3,0.3,0.0298567,-0.422487,-4.88086,
1403,163,0.3,0.3,0.0303608,-0.41953,-4.88127,
1404,164,0.3,0.3,0.0308561,-0.416625,-4.88127,
1405,165,0.3,0.3,0.031359,-0.413668,-4.88086,
1406,166,0.3,0.3,0.0318532,-0.410763,-4.88086,
1407,167,0.3,0.3,0.0323573,-0.407806,-4.88127,
1408,168,0.3,0.3,0.0328602,-0.404849,-4.88086,
1409,169,0.3,0.3,0.0333544,-0.401944,-4.88086,
1410,170,0.3,0.3,0.0338585,-0.398988,-4.88127,
1411,171,0.3,0.3,0.0343538,-0.396083,-4.88127,
1412,172,0.3,0.3,0.0348567,-0.393126,-4.88086,
1413,173,0.3,0.3,0.0353609,-0.390169,-4.88127,
1414,174,0.3,0.3,0.0358562,-0.387264,-4.88127,
1415,175,0.3,0.3,0.0363591,-0.384307,-4.88086,
1416,176,0.3,0.3,0.0368632,-0.38135,-4.88127,
1417,177,0.3,0.3,0.0373585,-0.378445,-4.88127,
1418,178,0.3,0.3,0.0378615,-0.375488,-4.88086,
1419,179,0.3,0.3,0.0383556,-0.372583,-4.88086,
1420,180,0.3,0.3,0.0388597,-0.369627,-4.88127,
1421,181,0.3,0.3,0.039355,-0.366722,-4.88127,
1422,182,0.3,0.3,0.0398579,-0.363765,-4.88086,
1423,183,0.3,0.3,0.0403621,-0.360808,-4.88127,
1424,184,0.3,0.3,0.0408574,-0.357903,-4.88127,
1425,185,0.3,0.3,0.0413603,-0.354946,-4.88086,
1426,186,0.3,0.3,0.0418645,-0.351989,-4.88127,
1427,187,0.3,0.3,0.0423597,-0.349084,-4.88127,
1428,188,0.3,0.3,0.0428627,-0.346128,-4.88086,
1429,189,0.3,0.3,0.0433668,-0.343171,-4.88127,
1430,190,0.3,0.3,0.0438621,-0.340266,-4.88127,
1431,191,0.3,0.3,0.0443651,-0.337309,-4.88086,
1432,192,0.3,0.3,0.0448592,-0.334404,-4.88086,
1433,193,0.3,0.3,0.0453633,-0.331447,-4.88127,
1434,194,0.3,0.3,0.0458586,-0.328542,-4.88127,
1435,195,0.3,0.3,0.0463615,-0.325585,-4.88086,
1436,196,0.3,0.3,0.0468657,-0.322628,-4.88127,
1437,197,0.3,0.3,0.047361,-0.319724,-4.88127,
1438,198,0.3,0.3,0.0478639,-0.316767,-4.88086,
1439,199,0.3,0.3,0.048368,-0.31381,-4.88127,
1440,200,0.3,0.3,0.0488633,-0.310905,-4.88127,
1441,201,0.3,0.3,0.0493663,-0.307948,-4.88086,
1442,202,0.3,0.3,0.0498604,-0.305043,-4.88086,
1443,203,0.3,0.3,0.0503645,-0.302086,-4.88127,
1444,204,0.3,0.3,0.0508675,-0.299129,-4.88086,
1445,205,0.3,0.3,0.0513616,-0.296224,-4.88086,
1446,206,0.3,0.3,0.0518657,-0.293267,-4.88127,
1447,207,0.3,0.3,0.052361,-0.290362,-4.88127,
1448,208,0.3,0.3,0.0528639,-0.287405,-4.88086,
1449,209,0.3,0.3,0.0533681,-0.284449,-4.88127,
1450,210,0.3,0.3,0.0538634,-0.281544,-4.88127,
1451,211,0.3,0.3,0.0543663,-0.278587,-4.88086,
1452,212,0.3,0.3,0.0548705,-0.27563,-4.88127,
1453,213,0.3,0.3,0.0553657,-0.272725,-4.88127,
1454,214,0.3,0.3,0.0558687,-0.269768,-4.88086,
1455,215,0.3,0.3,0.0563628,-0.266863,-4.88086,
1456,216,0.3,0.3,0.0568669,-0.263906,-4.88127,
1457,217,0.3,0.3,0.0573699,-0.260949,-4.88086,
1458,218,0.3,0.3,0.057864,-0.258044,-4.88086,
1459,219,0.3,0.3,0.0583681,-0.255087,-4.88127,
1460,220,0.3,0.3,0.0588634,-0.252183,-4.88127,
1461,221,0.3,0.3,0.0593664,-0.249226,-4.88086,
1462,222,0.3,0.3,0.0598705,-0.246269,-4.88127,
1463,223,0.3,0.3,0.0603658,-0.243364,-4.88127,
1464,224,0.3,0.3,0.0608687,-0.240407,-4.88086,
1465,225,0.3,0.3,0.0613729,-0.23745,-4.88127,
1466,226,0.3,0.3,0.0618682,-0.234545,-4.88127,
1467,227,0.3,0.3,0.0623711,-0.231588,-4.88086,
1468,228,0.3,0.3,0.0628652,-0.228683,-4.88086,
1469,229,0.3,0.3,0.0633694,-0.225726,-4.88127,
1470,230,0.3,0.3,0.0638723,-0.222769,-4.88086,
1471,231,0.3,0.3,0.0643664,-0.219864,-4.88086,
1472,232,0.3,0.3,0.0648705,-0.216908,-4.88127,
1473,233,0.3,0.3,0.0653658,-0.214003,-4.88127,
1474,234,0.3,0.3,0.0658688,-0.211046,-4.88086,
1475,235,0.3,0.3,0.0663729,-0.208089,-4.88127,
1476,236,0.3,0.3,0.0668682,-0.205184,-4.88127,
1477,237,0.3,0.3,0.0673711,-0.202227,-4.88086,
1478,238,0.3,0.3,0.0678753,-0.19927,-4.88127,
1479,239,0.3,0.3,0.0683706,-0.196365,-4.88127,
1480,240,0.3,0.3,0.0688735,-0.193409,-4.88086,
1481,241,0.3,0.3,0.0693676,-0.190503,-4.88086,
1482,242,0.3,0.3,0.0698718,-0.187547,-4.88127,
1483,243,0.3,0.3,0.0703671,-0.184642,-4.88127,
1484,244,0.3,0.3,0.07087,-0.181685,-4.88086,
1485,245,0.3,0.3,0.0713741,-0.178728,-4.88127,
1486,246,0.3,0.3,0.0718694,-0.175823,-4.88127,
1487,247,0.3,0.3,0.0723724,-0.172866,-4.88086,
1488,248,0.3,0.3,0.0728765,-0.169909,-4.88127,
1489,249,0.3,0.3,0.0733718,-0.167005,-4.88127,
1490,250,0.3,0.3,0.0738747,-0.164048,-4.88086,
1491,251,0.3,0.3,0.0743789,-0.161091,-4.88127,
1492,252,0.3,0.3,0.0748742,-0.158186,-4.88127,
1493,253,0.3,0.3,0.0753771,-0.155229,-4.88086,
1494,254,0.3,0.3,0.0758712,-0.152324,-4.88086,
1495,255,0.3,0.3,0.0763754,-0.149367,-4.88127,
1496,256,0.3,0.3,0.0768706,-0.146462,-4.88127,
1497,257,0.3,0.3,0.0773736,-0.143505,-4.88086,
1498,258,0.3,0.3,0.0778777,-0.140548,-4.88127,
1499,259,0.3,0.3,0.078373,-0.137644,-4.88127,
1500,260,0.3,0.3,0.078876,-0.134687,-4.88086,
1501,261,0.3,0.3,0.0793801,-0.13173,-4.88127,
1502,262,0.3,0.3,0.0798754,-0.128825,-4.88127,
1503,263,0.3,0.3,0.0803783,-0.125868,-4.88086,
1504,264,0.3,0.3,0.0808724,-0.122963,-4.88086,
1505,265,0.3,0.3,0.0813766,-0.120006,-4.88127,
1506,266,0.3,0.3,0.0818795,-0.117049,-4.88086,
1507,267,0.3,0.3,0.0823736,-0.114144,-4.88086,
1508,268,0.3,0.3,0.0828778,-0.111187,-4.88127,
1509,269,0.3,0.3,0.0833731,-0.108282,-4.88127,
1510,270,0.3,0.3,0.083876,-0.105325,-4.88086,
1511,271,0.3,0.3,0.0843801,-0.102369,-4.88127,
1512,272,0.3,0.3,0.0848754,-0.0994638,-4.88127,
1513,273,0.3,0.3,0.0853784,-0.0965068,-4.88086,
1514,274,0.3,0.3,0.0858825,-0.09355,-4.88127,
1515,275,0.3,0.3,0.0863778,-0.0906451,-4.88127,
1516,276,0.3,0.3,0.0868807,-0.0876882,-4.88086,
1517,277,0.3,0.3,0.0873749,-0.0847831,-4.88086,
1518,278,0.3,0.3,0.087879,-0.0818263,-4.88127,
1519,279,0.3,0.3,0.0883819,-0.0788693,-4.88086,
1520,280,0.3,0.3,0.088876,-0.0759642,-4.88086,
1521,281,0.3,0.3,0.0893802,-0.0730075,-4.88127,
1522,282,0.3,0.3,0.0898755,-0.0701026,-4.88127,
1523,283,0.3,0.3,0.0903784,-0.0671456,-4.88086,
1524,284,0.3,0.3,0.0908825,-0.0641888,-4.88127,
1525,285,0.3,0.3,0.0913778,-0.061284,-4.88127,
1526,286,0.3,0.3,0.0918808,-0.058327,-4.88086,
1527,287,0.3,0.3,0.0923849,-0.0553702,-4.88127,
1528,288,0.3,0.3,0.0928802,-0.0524653,-4.88127,
1529,289,0.3,0.3,0.0933831,-0.0495084,-4.88086,
1530,290,0.3,0.3,0.0938773,-0.0466033,-4.88086,
1531,291,0.3,0.3,0.0943814,-0.0436465,-4.88127,
1532,292,0.3,0.3,0.0948843,-0.0406895,-4.88086,
1533,293,0.3,0.3,0.0953785,-0.0377844,-4.88086,
1534,294,0.3,0.3,0.0958826,-0.0348277,-4.88127,
1535,295,0.3,0.3,0.0963779,-0.0319228,-4.88127,
1536,296,0.3,0.3,0.0968808,-0.0289658,-4.88086,
1537,297,0.3,0.3,0.097385,-0.026009,-4.88127,
1538,298,0.3,0.3,0.0978803,-0.0231042,-4.88127,
1539,299,0.3,0.3,0.0983832,-0.0201472,-4.88086,
1540,300,0.3,0.3,0.0988873,-0.0171904,-4.88127,
1541,301,0.3,0.3,0.0993826,-0.0142855,-4.88127,
1542,302,0.3,0.3,0.0998856,-0.0113286,-4.88086,
1543,303,0.3,0.3,0.10038,-0.00842347,-4.88086,
1544,304,0.3,0.3,0.100884,-0.0054667,-4.88127,
1545,305,0.3,0.3,0.101379,-0.00256181,-4.88127,
1546,306,0.3,0.3,0.101882,0.000395158,-4.88086,
1547,307,0.3,0.3,0.102386,0.00335192,-4.88127,
1548,308,0.3,0.3,0.102881,0.00625682,-4.88127,
1549,309,0.3,0.3,0.103384,0.00921378,-4.88086,
1550,310,0.3,0.3,0.103889,0.0121705,-4.88127,
1551,311,0.3,0.3,0.104384,0.0150754,-4.88127,
1552,312,0.3,0.3,0.104887,0.0180324,-4.88086,
1553,313,0.3,0.3,0.105391,0.0209892,-4.88127,
1554,314,0.3,0.3,0.105886,0.0238941,-4.88127,
1555,315,0.3,0.3,0.106389,0.026851,-4.88086,
1556,316,0.3,0.3,0.106883,0.0297561,-4.88086,
1557,317,0.3,0.3,0.107387,0.0327129,-4.88127,
1558,318,0.3,0.3,0.107883,0.0356178,-4.88127,
1559,319,0.3,0.3,0.108386,0.0385748,-4.88086,
1560,320,0.3,0.3,0.10889,0.0415315,-4.88127,
1561,321,0.3,0.3,0.109385,0.0444364,-4.88127,
1562,322,0.3,0.3,0.109888,0.0473934,-4.88086,
1563,323,0.3,0.3,0.110392,0.0503501,-4.88127,
1564,324,0.3,0.3,0.110887,0.053255,-4.88127,
1565,325,0.3,0.3,0.11139,0.056212,-4.88086,
1566,326,0.3,0.3,0.111884,0.0591171,-4.88086,
1567,327,0.3,0.3,0.112389,0.0620739,-4.88127,
1568,328,0.3,0.3,0.112892,0.0650308,-4.88086,
1569,329,0.3,0.3,0.113386,0.0679359,-4.88086,
1570,330,0.3,0.3,0.11389,0.0708927,-4.88127,
1571,331,0.3,0.3,0.114385,0.0737976,-4.88127,
1572,332,0.3,0.3,0.114888,0.0767546,-4.88086,
1573,333,0.3,0.3,0.115392,0.0797113,-4.88127,
1574,334,0.3,0.3,0.115887,0.0826162,-4.88127,
1575,335,0.3,0.3,0.11639,0.0855732,-4.88086,
1576,336,0.3,0.3,0.116895,0.0885299,-4.88127,
1577,337,0.3,0.3,0.11739,0.0914348,-4.88127,
1578,338,0.3,0.3,0.117893,0.0943918,-4.88086,
1579,339,0,0,0.118387,0.0972969,-4.88086,
1580,0,0,0,0.118891,0.100254,-4.88127,
1581,1,0.3,-0.3,0.118891,0.100254,-4.88127,
1582,2,0.3,-0.3,0.118891,0.100254,-4.88127,
1583,3,0.3,-0.3,0.118901,0.100305,-4.90353,
1584,4,0.3,-0.3,0.118901,0.100305,-4.9262,
1585,5,0.3,-0.3,0.118901,0.100305,-4.94968,
1586,6,0.3,-0.3,0.118901,0.100305,-4.97234,
1587,7,0.3,-0.3,0.118901,0.100305,-4.99501,
1588,8,0.3,-0.3,0.118901,0.100305,-5.01849,
1589,9,0.3,-0.3,0.118901,0.100305,-5.04116,
1590,10,0.3,-0.3,0.118901,0.100305,-5.06382,
1591,11,0.3,-0.3,0.118901,0.100305,-5.0873,
1592,12,0.3,-0.3,0.118901,0.100305,-5.10997,
1593,13,0.3,-0.3,0.118901,0.100305,-5.13264,
1594,14,0.3,-0.3,0.118901,0.100305,-5.15531,
1595,15,0.3,-0.3,0.118901,0.100305,-5.17878,
1596,16,0.3,-0.3,0.118901,0.100305,-5.20145,
1597,17,0.3,-0.3,0.118901,0.100305,-5.22412,
1598,18,0.3,-0.3,0.118901,0.100305,-5.2476,
1599,19,0.3,-0.3,0.118901,0.100305,-5.27026,
1600,20,0.3,-0.3,0.118901,0.100305,-5.29293,
1601,21,0.3,-0.3,0.118901,0.100305,-5.31641,
1602,22,0.3,-0.3,0.118901,0.100305,-5.33908,
1603,23,0.3,-0.3,0.118901,0.100305,-5.36174,
1604,24,0.3,-0.3,0.118901,0.100305,-5.38522,
1605,25,0.3,-0.3,0.118901,0.100305,-5.40789,
1606,26,0.3,-0.3,0.118901,0.100305,-5.43056,
1607,27,0.3,-0.3,0.118901,0.100305,-5.45322,
1608,28,0.3,-0.3,0.118901,0.100305,-5.4767,
1609,29,0.3,-0.3,0.118901,0.100305,-5.49937,
1610,30,0.3,-0.3,0.118901,0.100305,-5.52204,
1611,31,0.3,-0.3,0.118901,0.100305,-5.54552,
1612,32,0.3,-0.3,0.118901,0.100305,-5.56818,
1613,33,0.3,-0.3,0.118901,0.100305,-5.59085,
1614,34,0.3,-0.3,0.118901,0.100305,-5.61433,
1615,35,0.3,-0.3,0.118901,0.100305,-5.637,
1616,36,0.3,-0.3,0.118901,0.100305,-5.65966,
1617,37,0.3,-0.3,0.118901,0.100305,-5.68314,
1618,38,0.3,-0.3,0.118901,0.100305,-5.70581,
1619,39,0.3,-0.3,0.118901,0.100305,-5.72848,
1620,40,0.3,-0.3,0.118901,0.100305,-5.75114,
1621,41,0.3,-0.3,0.118901,0.100305,-5.77462,
1622,42,0.3,-0.3,0.118901,0.100305,-5.79729,
1623,43,0.3,-0.3,0.118901,0.100305,-5.81996,
1624,44,0.3,-0.3,0.118901,0.100305,-5.84343,
1625,45,0.3,-0.3,0.118901,0.100305,-5.8661,
1626,46,0.3,-0.3,0.118901,0.100305,-5.88877,
1627,47,0.3,-0.3,0.118901,0.100305,-5.91225,
1628,48,0.3,-0.3,0.118901,0.100305,-5.93492,
1629,49,0.3,-0.3,0.118901,0.100305,-5.95758,
1630,50,0.3,-0.3,0.118951,0.100321,-5.98066,
1631,51,0.3,-0.3,0.118901,0.100306,-6.00373,
1632,52,0.3,-0.3,0.118901,0.100306,-6.0264,
1633,53,0.3,-0.3,0.118901,0.100306,-6.04906,
1634,54,0.3,-0.3,0.118901,0.100306,-6.07254,
1635,55,0.3,-0.3,0.118901,0.100306,-6.09521,
1636,56,0.3,-0.3,0.118901,0.100306,-6.11788,
1637,57,0.3,-0.3,0.118901,0.100306,-6.14135,
1638,58,0.3,-0.3,0.118901,0.100306,-6.16402,
1639,59,0.3,-0.3,0.118901,0.100306,-6.18669,
1640,60,0.3,-0.3,0.118901,0.100306,-6.21017,
1641,61,0.3,-0.3,0.118901,0.100306,-6.23284,
1642,62,0.3,-0.3,0.118901,0.100306,-6.2555,
1643,63,0.3,-0.3,0.118901,0.100306,-6.27817,
1644,64,0.3,-0.3,0.118901,0.100306,-6.30165,
1645,65,0.3,-0.3,0.118901,0.100306,-6.32432,
1646,66,0.3,-0.3,0.118901,0.100306,-6.34698,
1647,67,0.3,-0.3,0.118901,0.100306,-6.37046,
1648,68,0.3,-0.3,0.118901,0.100306,-6.39313,
1649,69,0.3,-0.3,0.118901,0.100306,-6.4158,
1650,70,0.3,-0.3,0.118901,0.100306,-6.43927,
1651,71,0.3,-0.3,0.118901,0.100306,-6.46194,
1652,72,0,0,0.118901,0.100306,-6.48461,
1653,0,0,0,0.118901,0.100306,-6.50809,
