0,0,0,0,0,0,0,
1,0,0,0,0,0,0,
2,1,0.005,0.005,0,0,0,
3,2,0.01,0.01,0,0,0,
4,3,0.015,0.015,0,0,0,
5,4,0.02,0.02,0,0,0,
6,5,0.025,0.025,0.000105243,0,0,
7,6,0.03,0.03,0.00031573,0,0,
8,7,0.035,0.035,0.000526217,0,0,
9,8,0.04,0.04,0.000841947,0,0,
10,9,0.045,0.045,0.00115768,0,0,
11,10,0.05,0.05,0.00157865,0,0,
12,11,0.055,0.055,0.00199962,0,0,
13,12,0.06,0.06,0.0024206,0,0,
14,13,0.065,0.065,0.00294681,0,0,
15,14,0.07,0.07,0.00347303,0,0,
16,15,0.075,0.075,0.00410449,0,0,
17,16,0.08,0.08,0.00463071,0,0,
18,17,0.085,0.085,0.00536741,0,0,
19,18,0.09,0.09,0.00620936,0,0,
20,19,0.095,0.095,0.0070513,0,0,
21,20,0.1,0.1,0.00799849,0,0,
22,21,0.105,0.105,0.00884044,0,0,
23,22,0.11,0.11,0.00989288,0,0,
24,23,0.115,0.115,0.0109453,0,0,
25,24,0.12,0.12,0.012103,0,0,
26,25,0.125,0.125,0.0131554,0,0,
27,26,0.13,0.13,0.0144183,0,0,
28,27,0.135,0.135,0.0156813,0,0,
29,28,0.14,0.14,0.0170494,0,0,
30,29,0.145,0.145,0.0183123,0,0,
31,30,0.15,0.15,0.0197858,0,0,
32,31,0.155,0.155,0.0212592,0,0,
33,32,0.16,0.16,0.0227326,0,0,
34,33,0.165,0.165,0.0243112,0,0,
35,34,0.17,0.17,0.0258899,0,0,
36,35,0.175,0.175,0.0275738,0,0,
37,36,0.18,0.18,0.0293629,0,0,
38,37,0.185,0.185,0.0310468,0,0,
39,38,0.19,0.19,0.0329412,0,0,
40,39,0.195,0.195,0.0347303,0,0,
41,40,0.2,0.2,0.0367299,0,0,
42,41,0.2,0.2,0.0386243,0,0,
43,42,0.2,0.2,0.0407292,0,0,
44,43,0.2,0.2,0.042834,0,0,
45,44,0.2,0.2,0.0448337,0,0,
46,45,0.2,0.2,0.0469385,0,0,
47,46,0.2,0.2,0.0489382,0,0,
48,47,0.2,0.2,0.051043,0,0,
49,48,0.2,0.2,0.0530427,0,0,
50,49,0.2,0.2,0.0551475,0,0,
51,50,0.2,0.2,0.0571471,0,0,
52,51,0.2,0.2,0.059252,0,0,
53,52,0.2,0.2,0.0612516,0,0,
54,53,0.2,0.2,0.0633565,0,0,
55,54,0.2,0.2,0.0653561,0,0,
56,55,0.2,0.2,0.067461,0,0,
57,56,0.2,0.2,0.0694606,0,0,
58,57,0.2,0.2,0.0715655,0,0,
59,58,0.2,0.2,0.0735651,0,0,
60,59,0.2,0.2,0.07567,0,0,
61,60,0.2,0.2,0.0776696,0,0,
62,61,0.2,0.2,0.0797745,0,0,
63,62,0.2,0.2,0.0817741,0,0,
64,63,0.2,0.2,0.083879,0,0,
65,64,0.2,0.2,0.0858786,0,0,
66,65,0.2,0.2,0.0879834,0,0,
67,66,0.2,0.2,0.0900883,0,0,
68,67,0.2,0.2,0.0920879,0,0,
69,68,0.2,0.2,0.0941928,0,0,
70,69,0.2,0.2,0.0961924,0,0,
71,70,0.2,0.2,0.0982973,0,0,
72,71,0.2,0.2,0.100297,0,0,
73,72,0.2,0.2,0.102402,0,0,
74,73,0.2,0.2,0.104401,0,0,
75,74,0.2,0.2,0.106506,0,0,
76,75,0.2,0.2,0.108506,0,0,
77,76,0.2,0.2,0.110611,0,0,
78,77,0.2,0.2,0.11261,0,0,
79,78,0.2,0.2,0.114715,0,0,
80,79,0.2,0.2,0.116715,0,0,
81,80,0.2,0.2,0.11882,0,0,
82,81,0.2,0.2,0.120819,0,0,
83,82,0.2,0.2,0.122924,0,0,
84,83,0.2,0.2,0.124924,0,0,
85,84,0.2,0.2,0.127029,0,0,
86,85,0.2,0.2,0.129028,0,0,
87,86,0.2,0.2,0.131133,0,0,
88,87,0.2,0.2,0.133133,0,0,
89,88,0.2,0.2,0.135238,0,0,
90,89,0.2,0.2,0.137343,0,0,
91,90,0.2,0.2,0.139342,0,0,
92,91,0.2,0.2,0.141447,0,0,
93,92,0.2,0.2,0.143447,0,0,
94,93,0.2,0.2,0.145552,0,0,
95,94,0.2,0.2,0.147551,0,0,
96,95,0.2,0.2,0.149656,0,0,
97,96,0.2,0.2,0.151656,0,0,
98,97,0.2,0.2,0.153761,0,0,
99,98,0.2,0.2,0.15576,0,0,
100,99,0.2,0.2,0.157865,0,0,
101,100,0.2,0.2,0.159865,0,0,
102,101,0.2,0.2,0.16197,0,0,
103,102,0.2,0.2,0.163969,0,0,
104,103,0.2,0.2,0.166074,0,0,
105,104,0.2,0.2,0.168074,0,0,
106,105,0.2,0.2,0.170179,0,0,
107,106,0.2,0.2,0.172178,0,0,
108,107,0.2,0.2,0.174283,0,0,
109,108,0.2,0.2,0.176283,0,0,
110,109,0.2,0.2,0.178387,0,0,
111,110,0.2,0.2,0.180387,0,0,
112,111,0.2,0.2,0.182492,0,0,
113,112,0.2,0.2,0.184597,0,0,
114,113,0.2,0.2,0.186596,0,0,
115,114,0.2,0.2,0.188701,0,0,
116,115,0.2,0.2,0.190701,0,0,
117,116,0.2,0.2,0.192806,0,0,
118,117,0.2,0.2,0.194805,0,0,
119,118,0.2,0.2,0.19691,0,0,
120,119,0.2,0.2,0.19891,0,0,
121,120,0.2,0.2,0.201015,0,0,
122,121,0.2,0.2,0.203014,0,0,
123,122,0.2,0.2,0.205119,0,0,
124,123,0.2,0.2,0.207119,0,0,
125,124,0.2,0.2,0.209224,0,0,
126,125,0.2,0.2,0.211223,0,0,
127,126,0.2,0.2,0.213328,0,0,
128,127,0.2,0.2,0.215328,0,0,
129,128,0.2,0.2,0.217433,0,0,
130,129,0.2,0.2,0.219432,0,0,
131,130,0.2,0.2,0.221537,0,0,
132,131,0.2,0.2,0.223537,0,0,
133,132,0.2,0.2,0.225642,0,0,
134,133,0.2,0.2,0.227641,0,0,
135,134,0.2,0.2,0.229746,0,0,
136,135,0.2,0.2,0.231851,0,0,
137,136,0.2,0.2,0.233851,0,0,
138,137,0.2,0.2,0.235956,0,0,
139,138,0.2,0.2,0.237955,0,0,
140,139,0.2,0.2,0.24006,0,0,
141,140,0.2,0.2,0.24206,0,0,
142,141,0.2,0.2,0.244165,0,0,
143,142,0.2,0.2,0.246164,0,0,
144,143,0.2,0.2,0.248269,0,0,
145,144,0.2,0.2,0.250269,0,0,
146,145,0.2,0.2,0.252374,0,0,
147,146,0.2,0.2,0.254373,0,0,
148,147,0.2,0.2,0.256478,0,0,
149,148,0.2,0.2,0.258478,0,0,
150,149,0.2,0.2,0.260583,0,0,
151,150,0.2,0.2,0.262582,0,0,
152,151,0.2,0.2,0.264687,0,0,
153,152,0.2,0.2,0.266687,0,0,
154,153,0.2,0.2,0.268792,0,0,
155,154,0.2,0.2,0.270791,0,0,
156,155,0.2,0.2,0.272896,0,0,
157,156,0.2,0.2,0.274896,0,0,
158,157,0.2,0.2,0.277001,0,0,
159,158,0.2,0.2,0.279105,0,0,
160,159,0.2,0.2,0.281105,0,0,
161,160,0.2,0.2,0.28321,0,0,
162,161,0.2,0.2,0.285209,0,0,
163,162,0.2,0.2,0.287314,0,0,
164,163,0.2,0.2,0.289314,0,0,
165,164,0.2,0.2,0.291419,0,0,
166,165,0.2,0.2,0.293418,0,0,
167,166,0.2,0.2,0.295523,0,0,
168,167,0.2,0.2,0.297523,0,0,
169,168,0.2,0.2,0.299628,0,0,
170,169,0.2,0.2,0.301627,0,0,
171,170,0.2,0.2,0.303732,0,0,
172,171,0.2,0.2,0.305732,0,0,
173,172,0.2,0.2,0.307837,0,0,
174,173,0.2,0.2,0.309836,0,0,
175,174,0.2,0.2,0.311941,0,0,
176,175,0.2,0.2,0.313941,0,0,
177,176,0.2,0.2,0.316046,0,0,
178,177,0.2,0.2,0.318045,0,0,
179,178,0.2,0.2,0.32015,0,0,
180,179,0.2,0.2,0.32215,0,0,
181,180,0.2,0.2,0.324255,0,0,
182,181,0.2,0.2,0.32636,0,0,
183,182,0.2,0.2,0.328359,0,0,
184,183,0.2,0.2,0.330464,0,0,
185,184,0.2,0.2,0.332464,0,0,
186,185,0.2,0.2,0.334569,0,0,
187,186,0.2,0.2,0.336568,0,0,
188,187,0.2,0.2,0.338673,0,0,
189,188,0.2,0.2,0.340673,0,0,
190,189,0.2,0.2,0.342778,0,0,
191,190,0.2,0.2,0.344777,0,0,
192,191,0.2,0.2,0.346882,0,0,
193,192,0.2,0.2,0.348882,0,0,
194,193,0.2,0.2,0.350987,0,0,
195,194,0.2,0.2,0.352986,0,0,
196,195,0.2,0.2,0.355091,0,0,
197,196,0.2,0.2,0.357091,0,0,
198,197,0.2,0.2,0.359196,0,0,
199,198,0.2,0.2,0.361195,0,0,
200,199,0.2,0.2,0.3633,0,0,
201,200,0.2,0.2,0.3653,0,0,
202,201,0.2,0.2,0.367405,0,0,
203,202,0.2,0.2,0.369404,0,0,
204,203,0.2,0.2,0.371509,0,0,
205,204,0.2,0.2,0.373614,0,0,
206,205,0.2,0.2,0.375614,0,0,
207,206,0.2,0.2,0.377718,0,0,
208,207,0.2,0.2,0.379718,0,0,
209,208,0.2,0.2,0.381823,0,0,
210,209,0.2,0.2,0.383823,0,0,
211,210,0.2,0.2,0.385927,0,0,
212,211,0.2,0.2,0.387927,0,0,
213,212,0.2,0.2,0.390032,0,0,
214,213,0.2,0.2,0.392031,0,0,
215,214,0.2,0.2,0.394136,0,0,
216,215,0.2,0.2,0.396136,0,0,
217,216,0.2,0.2,0.398241,0,0,
218,217,0.2,0.2,0.40024,0,0,
219,218,0.2,0.2,0.402345,0,0,
220,219,0.2,0.2,0.404345,0,0,
221,220,0.2,0.2,0.40645,0,0,
222,221,0.2,0.2,0.408449,0,0,
223,222,0.2,0.2,0.410554,0,0,
224,223,0.2,0.2,0.412554,0,0,
225,224,0.2,0.2,0.414659,0,0,
226,225,0.2,0.2,0.416658,0,0,
227,226,0.2,0.2,0.418763,0,0,
228,227,0.2,0.2,0.420868,0,0,
229,228,0.2,0.2,0.422868,0,0,
230,229,0.2,0.2,0.424973,0,0,
231,230,0.2,0.2,0.426972,0,0,
232,231,0.2,0.2,0.429077,0,0,
233,232,0.2,0.2,0.431077,0,0,
234,233,0.2,0.2,0.433182,0,0,
235,234,0.2,0.2,0.435181,0,0,
236,235,0.2,0.2,0.437286,0,0,
237,236,0.2,0.2,0.439286,0,0,
238,237,0.2,0.2,0.441391,0,0,
239,238,0.2,0.2,0.44339,0,0,
240,239,0.2,0.2,0.445495,0,0,
241,240,0.2,0.2,0.447495,0,0,
242,241,0.2,0.2,0.4496,0,0,
243,242,0.2,0.2,0.451599,0,0,
244,243,0.2,0.2,0.453704,0,0,
245,244,0.2,0.2,0.455704,0,0,
246,245,0.2,0.2,0.457809,0,0,
247,246,0.2,0.2,0.459808,0,0,
248,247,0.2,0.2,0.461913,0,0,
249,248,0.2,0.2,0.463913,0,0,
250,249,0.2,0.2,0.466018,0,0,
251,250,0.2,0.2,0.468122,0,0,
252,251,0.2,0.2,0.470122,0,0,
253,252,0.2,0.2,0.472227,0,0,
254,253,0.2,0.2,0.474227,0,0,
255,254,0.2,0.2,0.476331,0,0,
256,255,0.2,0.2,0.478331,0,0,
257,256,0.2,0.2,0.480436,0,0,
258,257,0.2,0.2,0.482436,0,0,
259,258,0.2,0.2,0.48454,0,0,
260,259,0.2,0.2,0.48654,0,0,
261,260,0.2,0.2,0.488645,0,0,
262,261,0.2,0.2,0.490645,0,0,
263,262,0.2,0.2,0.492749,0,0,
264,263,0.2,0.2,0.494749,0,0,
265,264,0.2,0.2,0.496854,0,0,
266,265,0.2,0.2,0.498853,0,0,
267,266,0.2,0.2,0.500958,0,0,
268,267,0.2,0.2,0.502958,0,0,
269,268,0.2,0.2,0.505063,0,0,
270,269,0.2,0.2,0.507062,0,0,
271,270,0.2,0.2,0.509167,0,0,
272,271,0.2,0.2,0.511167,0,0,
273,272,0.2,0.2,0.513272,0,0,
274,273,0.2,0.2,0.515377,0,0,
275,274,0.2,0.2,0.517376,0,0,
276,275,0.2,0.2,0.519481,0,0,
277,276,0.2,0.2,0.521481,0,0,
278,277,0.2,0.2,0.523586,0,0,
279,278,0.2,0.2,0.525585,0,0,
280,279,0.2,0.2,0.52769,0,0,
281,280,0.2,0.2,0.52969,0,0,
282,281,0.2,0.2,0.531795,0,0,
283,282,0.2,0.2,0.533794,0,0,
284,283,0.2,0.2,0.535899,0,0,
285,284,0.2,0.2,0.537899,0,0,
286,285,0.2,0.2,0.540004,0,0,
287,286,0.2,0.2,0.542003,0,0,
288,287,0.2,0.2,0.544108,0,0,
289,288,0.2,0.2,0.546108,0,0,
290,289,0.2,0.2,0.548213,0,0,
291,290,0.2,0.2,0.550212,0,0,
292,291,0.2,0.2,0.552317,0,0,
293,292,0.2,0.2,0.554317,0,0,
294,293,0.2,0.2,0.556422,0,0,
295,294,0.2,0.2,0.558421,0,0,
296,295,0.2,0.2,0.560526,0,0,
297,296,0.2,0.2,0.562631,0,0,
298,297,0.2,0.2,0.564631,0,0,
299,298,0.2,0.2,0.566735,0,0,
300,299,0.2,0.2,0.568735,0,0,
301,300,0.2,0.2,0.57084,0,0,
302,301,0.2,0.2,0.57284,0,0,
303,302,0.2,0.2,0.574944,0,0,
304,303,0.2,0.2,0.576944,0,0,
305,304,0.2,0.2,0.579049,0,0,
306,305,0.2,0.2,0.581049,0,0,
307,306,0.2,0.2,0.583153,0,0,
308,307,0.2,0.2,0.585153,0,0,
309,308,0.2,0.2,0.587258,0,0,
310,309,0.2,0.2,0.589258,0,0,
311,310,0.2,0.2,0.591362,0,0,
312,311,0.2,0.2,0.593362,0,0,
313,312,0.2,0.2,0.595467,0,0,
314,313,0.2,0.2,0.597467,0,0,
315,314,0.2,0.2,0.599571,0,0,
316,315,0.2,0.2,0.601571,0,0,
317,316,0.2,0.2,0.603676,0,0,
318,317,0.2,0.2,0.605676,0,0,
319,318,0.2,0.2,0.60778,0,0,
320,319,0.2,0.2,0.609885,0,0,
321,320,0.2,0.2,0.611885,0,0,
322,321,0.2,0.2,0.61399,0,0,
323,322,0.2,0.2,0.615989,0,0,
324,323,0.2,0.2,0.618094,0,0,
325,324,0.2,0.2,0.620094,0,0,
326,325,0.2,0.2,0.622199,0,0,
327,326,0.2,0.2,0.624198,0,0,
328,327,0.2,0.2,0.626303,0,0,
329,328,0.2,0.2,0.628303,0,0,
330,329,0.2,0.2,0.630408,0,0,
331,330,0.2,0.2,0.632407,0,0,
332,331,0.2,0.2,0.634512,0,0,
333,332,0.2,0.2,0.636512,0,0,
334,333,0.2,0.2,0.638617,0,0,
335,334,0.2,0.2,0.640616,0,0,
336,335,0.2,0.2,0.642721,0,0,
337,336,0.2,0.2,0.644721,0,0,
338,337,0.2,0.2,0.646826,0,0,
339,338,0.2,0.2,0.648825,0,0,
340,339,0.2,0.2,0.65093,0,0,
341,340,0.2,0.2,0.65293,0,0,
342,341,0.2,0.2,0.655035,0,0,
343,342,0.2,0.2,0.65714,0,0,
344,343,0.2,0.2,0.659139,0,0,
345,344,0.2,0.2,0.661244,0,0,
346,345,0.2,0.2,0.663244,0,0,
347,346,0.2,0.2,0.665348,0,0,
348,347,0.2,0.2,0.667348,0,0,
349,348,0.2,0.2,0.669453,0,0,
350,349,0.2,0.2,0.671453,0,0,
351,350,0.2,0.2,0.673557,0,0,
352,351,0.2,0.2,0.675557,0,0,
353,352,0.2,0.2,0.677662,0,0,
354,353,0.2,0.2,0.679662,0,0,
355,354,0.2,0.2,0.681766,0,0,
356,355,0.2,0.2,0.683766,0,0,
357,356,0.2,0.2,0.685871,0,0,
358,357,0.2,0.2,0.687871,0,0,
359,358,0.2,0.2,0.689975,0,0,
360,359,0.2,0.2,0.691975,0,0,
361,360,0.2,0.2,0.69408,0,0,
362,361,0.2,0.2,0.69608,0,0,
363,362,0.2,0.2,0.698184,0,0,
364,363,0.2,0.2,0.700184,0,0,
365,364,0.2,0.2,0.702289,0,0,
366,365,0.2,0.2,0.704394,0,0,
367,366,0.2,0.2,0.706393,0,0,
368,367,0.2,0.2,0.708498,0,0,
369,368,0.2,0.2,0.710498,0,0,
370,369,0.2,0.2,0.712603,0,0,
371,370,0.2,0.2,0.714602,0,0,
372,371,0.2,0.2,0.716707,0,0,
373,372,0.2,0.2,0.718707,0,0,
374,373,0.2,0.2,0.720812,0,0,
375,374,0.2,0.2,0.722811,0,0,
376,375,0.2,0.2,0.724916,0,0,
377,376,0.2,0.2,0.726916,0,0,
378,377,0.2,0.2,0.729021,0,0,
379,378,0.2,0.2,0.73102,0,0,
380,379,0.2,0.2,0.733125,0,0,
381,380,0.2,0.2,0.735125,0,0,
382,381,0.2,0.2,0.73723,0,0,
383,382,0.2,0.2,0.739229,0,0,
384,383,0.2,0.2,0.741334,0,0,
385,384,0.2,0.2,0.743334,0,0,
386,385,0.2,0.2,0.745439,0,0,
387,386,0.2,0.2,0.747438,0,0,
388,387,0.2,0.2,0.749543,0,0,
389,388,0.2,0.2,0.751648,0,0,
390,389,0.2,0.2,0.753648,0,0,
391,390,0.2,0.2,0.755753,0,0,
392,391,0.2,0.2,0.757752,0,0,
393,392,0.2,0.2,0.759857,0,0,
394,393,0.2,0.2,0.761857,0,0,
395,394,0.2,0.2,0.763962,0,0,
396,395,0.2,0.2,0.765961,0,0,
397,396,0.2,0.2,0.768066,0,0,
398,397,0.2,0.2,0.770066,0,0,
399,398,0.2,0.2,0.77217,0,0,
400,399,0.2,0.2,0.77417,0,0,
401,400,0.2,0.2,0.776275,0,0,
402,401,0.2,0.2,0.778275,0,0,
403,402,0.2,0.2,0.780379,0,0,
404,403,0.2,0.2,0.782379,0,0,
405,404,0.2,0.2,0.784484,0,0,
406,405,0.2,0.2,0.786484,0,0,
407,406,0.2,0.2,0.788588,0,0,
408,407,0.2,0.2,0.790588,0,0,
409,408,0.2,0.2,0.792693,0,0,
410,409,0.2,0.2,0.794693,0,0,
411,410,0.2,0.2,0.796797,0,0,
412,411,0.2,0.2,0.798902,0,0,
413,412,0.2,0.2,0.800902,0,0,
414,413,0.2,0.2,0.803007,0,0,
415,414,0.2,0.2,0.805006,0,0,
416,415,0.2,0.2,0.807111,0,0,
417,416,0.2,0.2,0.809111,0,0,
418,417,0.2,0.2,0.811216,0,0,
419,418,0.2,0.2,0.813215,0,0,
420,419,0.2,0.2,0.81532,0,0,
421,420,0.2,0.2,0.81732,0,0,
422,421,0.2,0.2,0.819425,0,0,
423,422,0.2,0.2,0.821424,0,0,
424,423,0.2,0.2,0.823529,0,0,
425,424,0.2,0.2,0.825529,0,0,
426,425,0.2,0.2,0.827634,0,0,
427,426,0.2,0.2,0.829633,0,0,
428,427,0.2,0.2,0.831738,0,0,
429,428,0.2,0.2,0.833738,0,0,
430,429,0.2,0.2,0.835843,0,0,
431,430,0.2,0.2,0.837842,0,0,
432,431,0.2,0.2,0.839947,0,0,
433,432,0.2,0.2,0.841947,0,0,
434,433,0.2,0.2,0.844052,0,0,
435,434,0.2,0.2,0.846157,0,0,
436,435,0.2,0.2,0.848156,0,0,
437,436,0.2,0.2,0.850261,0,0,
438,437,0.2,0.2,0.852261,0,0,
439,438,0.2,0.2,0.854366,0,0,
440,439,0.2,0.2,0.856365,0,0,
441,440,0.2,0.2,0.85847,0,0,
442,441,0.2,0.2,0.86047,0,0,
443,442,0.2,0.2,0.862575,0,0,
444,443,0.2,0.2,0.864574,0,0,
445,444,0.2,0.2,0.866679,0,0,
446,445,0.2,0.2,0.868679,0,0,
447,446,0.2,0.2,0.870784,0,0,
448,447,0.2,0.2,0.872783,0,0,
449,448,0.2,0.2,0.874888,0,0,
450,449,0.2,0.2,0.876888,0,0,
451,450,0.2,0.2,0.878992,0,0,
452,451,0.2,0.2,0.880992,0,0,
453,452,0.2,0.2,0.883097,0,0,
454,453,0.2,0.2,0.885097,0,0,
455,454,0.2,0.2,0.887201,0,0,
456,455,0.2,0.2,0.889201,0,0,
457,456,0.2,0.2,0.891306,0,0,
458,457,0.2,0.2,0.893411,0,0,
459,458,0.2,0.2,0.89541,0,0,
460,459,0.2,0.2,0.897515,0,0,
461,460,0.2,0.2,0.899515,0,0,
462,461,0.2,0.2,0.90162,0,0,
463,462,0.2,0.2,0.903619,0,0,
464,463,0.2,0.2,0.905724,0,0,
465,464,0.2,0.2,0.907724,0,0,
466,465,0.2,0.2,0.909829,0,0,
467,466,0.2,0.2,0.911828,0,0,
468,467,0.2,0.2,0.913933,0,0,
469,468,0.2,0.2,0.915933,0,0,
470,469,0.2,0.2,0.918038,0,0,
471,470,0.2,0.2,0.920037,0,0,
472,471,0.2,0.2,0.922142,0,0,
473,472,0.2,0.2,0.924142,0,0,
474,473,0.2,0.2,0.926247,0,0,
475,474,0.2,0.2,0.928246,0,0,
476,475,0.2,0.2,0.930351,0,0,
477,476,0.2,0.2,0.932351,0,0,
478,477,0.2,0.2,0.934456,0,0,
479,478,0.2,0.2,0.936455,0,0,
480,479,0.2,0.2,0.93856,0,0,
481,480,0.2,0.2,0.940665,0,0,
482,481,0.2,0.2,0.942665,0,0,
483,482,0.2,0.2,0.94477,0,0,
484,483,0.2,0.2,0.946769,0,0,
485,484,0.2,0.2,0.948874,0,0,
486,485,0.2,0.2,0.950874,0,0,
487,486,0.2,0.2,0.952979,0,0,
488,487,0.2,0.2,0.954978,0,0,
489,488,0.2,0.2,0.957083,0,0,
490,489,0.2,0.2,0.959083,0,0,
491,490,0.2,0.2,0.961188,0,0,
492,491,0.2,0.2,0.963187,0,0,
493,492,0.2,0.2,0.965292,0,0,
494,493,0.2,0.2,0.967292,0,0,
495,494,0.2,0.2,0.969397,0,0,
496,495,0.2,0.2,0.971396,0,0,
497,496,0.2,0.2,0.973501,0,0,
498,497,0.2,0.2,0.975501,0,0,
499,498,0.2,0.2,0.977606,0,0,
500,499,0.2,0.2,0.979605,0,0,
501,500,0.2,0.2,0.98171,0,0,
502,501,0.2,0.2,0.98371,0,0,
503,502,0.2,0.2,0.985814,0,0,
504,503,0.2,0.2,0.987919,0,0,
505,504,0.2,0.2,0.989919,0,0,
506,505,0.2,0.2,0.992024,0,0,
507,506,0.2,0.2,0.994023,0,0,
508,507,0.2,0.2,0.996128,0,0,
509,508,0.2,0.2,0.998128,0,0,
510,509,0.2,0.2,1.00023,0,0,
511,510,0.2,0.2,1.00223,0,0,
512,511,0.2,0.2,1.00434,0,0,
513,512,0.2,0.2,1.00634,0,0,
514,513,0.2,0.2,1.00844,0,0,
515,514,0.2,0.2,1.01044,0,0,
516,515,0.2,0.2,1.01255,0,0,
517,516,0.2,0.2,1.01455,0,0,
518,517,0.2,0.2,1.01665,0,0,
519,518,0.2,0.2,1.01865,0,0,
520,519,0.2,0.2,1.02076,0,0,
521,520,0.2,0.2,1.02275,0,0,
522,521,0.2,0.2,1.02486,0,0,
523,522,0.2,0.2,1.02686,0,0,
524,523,0.2,0.2,1.02896,0,0,
525,524,0.2,0.2,1.03096,0,0,
526,525,0.2,0.2,1.03307,0,0,
527,526,0.2,0.2,1.03517,0,0,
528,527,0.2,0.2,1.03717,0,0,
529,528,0.2,0.2,1.03928,0,0,
530,529,0.2,0.2,1.04128,0,0,
531,530,0.2,0.2,1.04338,0,0,
532,531,0.2,0.2,1.04538,0,0,
533,532,0.2,0.2,1.04749,0,0,
534,533,0.2,0.2,1.04949,0,0,
535,534,0.2,0.2,1.05159,0,0,
536,535,0.2,0.2,1.05359,0,0,
537,536,0.2,0.2,1.0557,0,0,
538,537,0.2,0.2,1.0577,0,0,
539,538,0.2,0.2,1.0598,0,0,
540,539,0.2,0.2,1.0618,0,0,
541,540,0.2,0.2,1.06391,0,0,
542,541,0.2,0.2,1.0659,0,0,
543,542,0.2,0.2,1.06801,0,0,
544,543,0.2,0.2,1.07001,0,0,
545,544,0.2,0.2,1.07211,0,0,
546,545,0.2,0.2,1.07411,0,0,
547,546,0.2,0.2,1.07622,0,0,
548,547,0.2,0.2,1.07822,0,0,
549,548,0.2,0.2,1.08032,0,0,
550,549,0.2,0.2,1.08243,0,0,
551,550,0.2,0.2,1.08443,0,0,
552,551,0.2,0.2,1.08653,0,0,
553,552,0.2,0.2,1.08853,0,0,
554,553,0.2,0.2,1.09064,0,0,
555,554,0.2,0.2,1.09264,0,0,
556,555,0.2,0.2,1.09474,0,0,
557,556,0.2,0.2,1.09674,0,0,
558,557,0.2,0.2,1.09885,0,0,
559,558,0.2,0.2,1.10085,0,0,
560,559,0.2,0.2,1.10295,0,0,
561,560,0.2,0.2,1.10495,0,0,
562,561,0.2,0.2,1.10705,0,0,
563,562,0.2,0.2,1.10905,0,0,
564,563,0.2,0.2,1.11116,0,0,
565,564,0.2,0.2,1.11316,0,0,
566,565,0.2,0.2,1.11526,0,0,
567,566,0.2,0.2,1.11726,0,0,
568,567,0.2,0.2,1.11937,0,0,
569,568,0.2,0.2,1.12137,0,0,
570,569,0.2,0.2,1.12347,0,0,
571,570,0.2,0.2,1.12547,0,0,
572,571,0.2,0.2,1.12758,0,0,
573,572,0.2,0.2,1.12968,0,0,
574,573,0.2,0.2,1.13168,0,0,
575,574,0.2,0.2,1.13379,0,0,
576,575,0.2,0.2,1.13579,0,0,
577,576,0.2,0.2,1.13789,0,0,
578,577,0.2,0.2,1.13989,0,0,
579,578,0.2,0.2,1.142,0,0,
580,579,0.2,0.2,1.144,0,0,
581,580,0.2,0.2,1.1461,0,0,
582,581,0.2,0.2,1.1481,0,0,
583,582,0.2,0.2,1.1502,0,0,
584,583,0.2,0.2,1.1522,0,0,
585,584,0.2,0.2,1.15431,0,0,
586,585,0.2,0.2,1.15631,0,0,
587,586,0.2,0.2,1.15841,0,0,
588,587,0.2,0.2,1.16041,0,0,
589,588,0.2,0.2,1.16252,0,0,
590,589,0.2,0.2,1.16452,0,0,
591,590,0.2,0.2,1.16662,0,0,
592,591,0.2,0.2,1.16862,0,0,
593,592,0.2,0.2,1.17073,0,0,
594,593,0.2,0.2,1.17273,0,0,
595,594,0.2,0.2,1.17483,0,0,
596,595,0.2,0.2,1.17694,0,0,
597,596,0.2,0.2,1.17894,0,0,
598,597,0.2,0.2,1.18104,0,0,
599,598,0.2,0.2,1.18304,0,0,
600,599,0.2,0.2,1.18515,0,0,
601,600,0.2,0.2,1.18715,0,0,
602,601,0.2,0.2,1.18925,0,0,
603,602,0.2,0.2,1.19125,0,0,
604,603,0.2,0.2,1.19335,0,0,
605,604,0.2,0.2,1.19535,0,0,
606,605,0.2,0.2,1.19746,0,0,
607,606,0.2,0.2,1.19946,0,0,
608,607,0.2,0.2,1.20156,0,0,
609,608,0.2,0.2,1.20356,0,0,
610,609,0.2,0.2,1.20567,0,0,
611,610,0.2,0.2,1.20767,0,0,
612,611,0.2,0.2,1.20977,0,0,
613,612,0.2,0.2,1.21177,0,0,
614,613,0.2,0.2,1.21388,0,0,
615,614,0.2,0.2,1.21588,0,0,
616,615,0.2,0.2,1.21798,0,0,
617,616,0.2,0.2,1.21998,0,0,
618,617,0.2,0.2,1.22209,0,0,
619,618,0.2,0.2,1.22419,0,0,
620,619,0.2,0.2,1.22619,0,0,
621,620,0.2,0.2,1.2283,0,0,
622,621,0.2,0.2,1.23029,0,0,
623,622,0.2,0.2,1.2324,0,0,
624,623,0.2,0.2,1.2344,0,0,
625,624,0.2,0.2,1.2365,0,0,
626,625,0.2,0.2,1.2385,0,0,
627,626,0.2,0.2,1.24061,0,0,
628,627,0.2,0.2,1.24261,0,0,
629,628,0.2,0.2,1.24471,0,0,
630,629,0.2,0.2,1.24671,0,0,
631,630,0.2,0.2,1.24882,0,0,
632,631,0.2,0.2,1.25082,0,0,
633,632,0.2,0.2,1.25292,0,0,
634,633,0.2,0.2,1.25492,0,0,
635,634,0.2,0.2,1.25703,0,0,
636,635,0.2,0.2,1.25903,0,0,
637,636,0.2,0.2,1.26113,0,0,
638,637,0.2,0.2,1.26313,0,0,
639,638,0.2,0.2,1.26524,0,0,
640,639,0.2,0.2,1.26724,0,0,
641,640,0.2,0.2,1.26934,0,0,
642,641,0.2,0.2,1.27144,0,0,
643,642,0.2,0.2,1.27344,0,0,
644,643,0.2,0.2,1.27555,0,0,
645,644,0.2,0.2,1.27755,0,0,
646,645,0.2,0.2,1.27965,0,0,
647,646,0.2,0.2,1.28165,0,0,
648,647,0.2,0.2,1.28376,0,0,
649,648,0.2,0.2,1.28576,0,0,
650,649,0.2,0.2,1.28786,0,0,
651,650,0.2,0.2,1.28986,0,0,
652,651,0.2,0.2,1.29197,0,0,
653,652,0.2,0.2,1.29397,0,0,
654,653,0.2,0.2,1.29607,0,0,
655,654,0.2,0.2,1.29807,0,0,
656,655,0.2,0.2,1.30018,0,0,
657,656,0.2,0.2,1.30218,0,0,
658,657,0.2,0.2,1.30428,0,0,
659,658,0.2,0.2,1.30628,0,0,
660,659,0.2,0.2,1.30839,0,0,
661,660,0.2,0.2,1.31038,0,0,
662,661,0.2,0.2,1.31249,0,0,
663,662,0.2,0.2,1.31449,0,0,
664,663,0.2,0.2,1.31659,0,0,
665,664,0.2,0.2,1.3187,0,0,
666,665,0.2,0.2,1.3207,0,0,
667,666,0.2,0.2,1.3228,0,0,
668,667,0.2,0.2,1.3248,0,0,
669,668,0.2,0.2,1.32691,0,0,
670,669,0.2,0.2,1.32891,0,0,
671,670,0.2,0.2,1.33101,0,0,
672,671,0.2,0.2,1.33301,0,0,
673,672,0.2,0.2,1.33512,0,0,
674,673,0.2,0.2,1.33712,0,0,
675,674,0.2,0.2,1.33922,0,0,
676,675,0.2,0.2,1.34122,0,0,
677,676,0.2,0.2,1.34333,0,0,
678,677,0.2,0.2,1.34533,0,0,
679,678,0.2,0.2,1.34743,0,0,
680,679,0.2,0.2,1.34943,0,0,
681,680,0.2,0.2,1.35154,0,0,
682,681,0.2,0.2,1.35353,0,0,
683,682,0.2,0.2,1.35564,0,0,
684,683,0.2,0.2,1.35764,0,0,
685,684,0.2,0.2,1.35974,0,0,
686,685,0.2,0.2,1.36174,0,0,
687,686,0.2,0.2,1.36385,0,0,
688,687,0.2,0.2,1.36595,0,0,
689,688,0.2,0.2,1.36795,0,0,
690,689,0.2,0.2,1.37006,0,0,
691,690,0.2,0.2,1.37206,0,0,
692,691,0.2,0.2,1.37416,0,0,
693,692,0.2,0.2,1.37616,0,0,
694,693,0.2,0.2,1.37827,0,0,
695,694,0.2,0.2,1.38027,0,0,
696,695,0.2,0.2,1.38237,0,0,
697,696,0.2,0.2,1.38437,0,0,
698,697,0.2,0.2,1.38648,0,0,
699,698,0.2,0.2,1.38848,0,0,
700,699,0.2,0.2,1.39058,0,0,
701,700,0.2,0.2,1.39258,0,0,
702,701,0.2,0.2,1.39468,0,0,
703,702,0.2,0.2,1.39668,0,0,
704,703,0.2,0.2,1.39879,0,0,
705,704,0.2,0.2,1.40079,0,0,
706,705,0.2,0.2,1.40289,0,0,
707,706,0.2,0.2,1.40489,0,0,
708,707,0.2,0.2,1.407,0,0,
709,708,0.2,0.2,1.409,0,0,
710,709,0.2,0.2,1.4111,0,0,
711,710,0.2,0.2,1.41321,0,0,
712,711,0.2,0.2,1.41521,0,0,
713,712,0.2,0.2,1.41731,0,0,
714,713,0.2,0.2,1.41931,0,0,
715,714,0.2,0.2,1.42142,0,0,
716,715,0.2,0.2,1.42342,0,0,
717,716,0.2,0.2,1.42552,0,0,
718,717,0.2,0.2,1.42752,0,0,
719,718,0.2,0.2,1.42963,0,0,
720,719,0.2,0.2,1.43163,0,0,
721,720,0.2,0.2,1.43373,0,0,
722,721,0.2,0.2,1.43573,0,0,
723,722,0.2,0.2,1.43783,0,0,
724,723,0.2,0.2,1.43983,0,0,
725,724,0.2,0.2,1.44194,0,0,
726,725,0.2,0.2,1.44394,0,0,
727,726,0.2,0.2,1.44604,0,0,
728,727,0.2,0.2,1.44804,0,0,
729,728,0.2,0.2,1.45015,0,0,
730,729,0.2,0.2,1.45215,0,0,
731,730,0.2,0.2,1.45425,0,0,
732,731,0.2,0.2,1.45625,0,0,
733,732,0.2,0.2,1.45836,0,0,
734,733,0.2,0.2,1.46046,0,0,
735,734,0.2,0.2,1.46246,0,0,
736,735,0.2,0.2,1.46457,0,0,
737,736,0.2,0.2,1.46657,0,0,
738,737,0.2,0.2,1.46867,0,0,
739,738,0.2,0.2,1.47067,0,0,
740,739,0.2,0.2,1.47278,0,0,
741,740,0.2,0.2,1.47478,0,0,
742,741,0.2,0.2,1.47688,0,0,
743,742,0.2,0.2,1.47888,0,0,
744,743,0.2,0.2,1.48098,0,0,
745,744,0.2,0.2,1.48298,0,0,
746,745,0.2,0.2,1.48509,0,0,
747,746,0.2,0.2,1.48709,0,0,
748,747,0.2,0.2,1.48919,0,0,
749,748,0.2,0.2,1.49119,0,0,
750,749,0.2,0.2,1.4933,0,0,
751,750,0.2,0.2,1.4953,0,0,
752,751,0.2,0.2,1.4974,0,0,
753,752,0.2,0.2,1.4994,0,0,
754,753,0.2,0.2,1.50151,0,0,
755,754,0.2,0.2,1.50351,0,0,
756,755,0.2,0.2,1.50561,0,0,
757,756,0.2,0.2,1.50772,0,0,
758,757,0.2,0.2,1.50972,0,0,
759,758,0.2,0.2,1.51182,0,0,
760,759,0.2,0.2,1.51382,0,0,
761,760,0.2,0.2,1.51593,0,0,
762,761,0.2,0.2,1.51792,0,0,
763,762,0.2,0.2,1.52003,0,0,
764,763,0.2,0.2,1.52203,0,0,
765,764,0.2,0.2,1.52413,0,0,
766,765,0.2,0.2,1.52613,0,0,
767,766,0.2,0.2,1.52824,0,0,
768,767,0.2,0.2,1.53024,0,0,
769,768,0.2,0.2,1.53234,0,0,
770,769,0.2,0.2,1.53434,0,0,
771,770,0.2,0.2,1.53645,0,0,
772,771,0.2,0.2,1.53845,0,0,
773,772,0.2,0.2,1.54055,0,0,
774,773,0.2,0.2,1.54255,0,0,
775,774,0.2,0.2,1.54466,0,0,
776,775,0.2,0.2,1.54666,0,0,
777,776,0.2,0.2,1.54876,0,0,
778,777,0.2,0.2,1.55076,0,0,
779,778,0.2,0.2,1.55287,0,0,
780,779,0.2,0.2,1.55497,0,0,
781,780,0.2,0.2,1.55697,0,0,
782,781,0.2,0.2,1.55908,0,0,
783,782,0.2,0.2,1.56107,0,0,
784,783,0.2,0.2,1.56318,0,0,
785,784,0.2,0.2,1.56518,0,0,
786,785,0.2,0.2,1.56728,0,0,
787,786,0.2,0.2,1.56928,0,0,
788,787,0.2,0.2,1.57139,0,0,
789,788,0.2,0.2,1.57339,0,0,
790,789,0.2,0.2,1.57549,0,0,
791,790,0.2,0.2,1.57749,0,0,
792,791,0.2,0.2,1.5796,0,0,
793,792,0.2,0.2,1.5816,0,0,
794,793,0.2,0.2,1.5837,0,0,
795,794,0.2,0.2,1.5857,0,0,
796,795,0.2,0.2,1.58781,0,0,
797,796,0.2,0.2,1.58981,0,0,
798,797,0.2,0.2,1.59191,0,0,
799,798,0.2,0.2,1.59391,0,0,
800,799,0.2,0.2,1.59602,0,0,
801,800,0.2,0.2,1.59802,0,0,
802,801,0.2,0.2,1.60012,0,0,
803,802,0.2,0.2,1.60222,0,0,
804,803,0.2,0.2,1.60422,0,0,
805,804,0.2,0.2,1.60633,0,0,
806,805,0.2,0.2,1.60833,0,0,
807,806,0.2,0.2,1.61043,0,0,
808,807,0.2,0.2,1.61243,0,0,
809,808,0.2,0.2,1.61454,0,0,
810,809,0.2,0.2,1.61654,0,0,
811,810,0.2,0.2,1.61864,0,0,
812,811,0.2,0.2,1.62064,0,0,
813,812,0.2,0.2,1.62275,0,0,
814,813,0.2,0.2,1.62475,0,0,
815,814,0.2,0.2,1.62685,0,0,
816,815,0.2,0.2,1.62885,0,0,
817,816,0.2,0.2,1.63096,0,0,
818,817,0.2,0.2,1.63296,0,0,
819,818,0.2,0.2,1.63506,0,0,
820,819,0.2,0.2,1.63706,0,0,
821,820,0.2,0.2,1.63917,0,0,
822,821,0.2,0.2,1.64116,0,0,
823,822,0.2,0.2,1.64327,0,0,
824,823,0.2,0.2,1.64527,0,0,
825,824,0.2,0.2,1.64737,0,0,
826,825,0.2,0.2,1.64948,0,0,
827,826,0.2,0.2,1.65148,0,0,
828,827,0.2,0.2,1.65358,0,0,
829,828,0.2,0.2,1.65558,0,0,
830,829,0.2,0.2,1.65769,0,0,
831,830,0.2,0.2,1.65969,0,0,
832,831,0.2,0.2,1.66179,0,0,
833,832,0.2,0.2,1.66379,0,0,
834,833,0.2,0.2,1.6659,0,0,
835,834,0.2,0.2,1.6679,0,0,
836,835,0.2,0.2,1.67,0,0,
837,836,0.2,0.2,1.672,0,0,
838,837,0.2,0.2,1.67411,0,0,
839,838,0.2,0.2,1.67611,0,0,
840,839,0.2,0.2,1.67821,0,0,
841,840,0.2,0.2,1.68021,0,0,
842,841,0.2,0.2,1.68232,0,0,
843,842,0.2,0.2,1.68431,0,0,
844,843,0.2,0.2,1.68642,0,0,
845,844,0.2,0.2,1.68842,0,0,
846,845,0.2,0.2,1.69052,0,0,
847,846,0.2,0.2,1.69252,0,0,
848,847,0.2,0.2,1.69463,0,0,
849,848,0.2,0.2,1.69673,0,0,
850,849,0.2,0.2,1.69873,0,0,
851,850,0.2,0.2,1.70084,0,0,
852,851,0.2,0.2,1.70284,0,0,
853,852,0.2,0.2,1.70494,0,0,
854,853,0.2,0.2,1.70694,0,0,
855,854,0.2,0.2,1.70905,0,0,
856,855,0.2,0.2,1.71105,0,0,
857,856,0.2,0.2,1.71315,0,0,
858,857,0.2,0.2,1.71515,0,0,
859,858,0.2,0.2,1.71726,0,0,
860,859,0.2,0.2,1.71926,0,0,
861,860,0.2,0.2,1.72136,0,0,
862,861,0.2,0.2,1.72336,0,0,
863,862,0.2,0.2,1.72546,0,0,
864,863,0.2,0.2,1.72746,0,0,
865,864,0.2,0.2,1.72957,0,0,
866,865,0.2,0.2,1.73157,0,0,
867,866,0.2,0.2,1.73367,0,0,
868,867,0.2,0.2,1.73567,0,0,
869,868,0.2,0.2,1.73778,0,0,
870,869,0.2,0.2,1.73978,0,0,
871,870,0.2,0.2,1.74188,0,0,
872,871,0.2,0.2,1.74399,0,0,
873,872,0.2,0.2,1.74599,0,0,
874,873,0.2,0.2,1.74809,0,0,
875,874,0.2,0.2,1.75009,0,0,
876,875,0.2,0.2,1.7522,0,0,
877,876,0.2,0.2,1.7542,0,0,
878,877,0.2,0.2,1.7563,0,0,
879,878,0.2,0.2,1.7583,0,0,
880,879,0.2,0.2,1.76041,0,0,
881,880,0.2,0.2,1.76241,0,0,
882,881,0.2,0.2,1.76451,0,0,
883,882,0.2,0.2,1.76651,0,0,
884,883,0.2,0.2,1.76861,0,0,
885,884,0.2,0.2,1.77061,0,0,
886,885,0.2,0.2,1.77272,0,0,
887,886,0.2,0.2,1.77472,0,0,
888,887,0.2,0.2,1.77682,0,0,
889,888,0.2,0.2,1.77882,0,0,
890,889,0.2,0.2,1.78093,0,0,
891,890,0.2,0.2,1.78293,0,0,
892,891,0.2,0.2,1.78503,0,0,
893,892,0.2,0.2,1.78703,0,0,
894,893,0.2,0.2,1.78914,0,0,
895,894,0.2,0.2,1.79124,0,0,
896,895,0.2,0.2,1.79324,0,0,
897,896,0.2,0.2,1.79535,0,0,
898,897,0.2,0.2,1.79735,0,0,
899,898,0.2,0.2,1.79945,0,0,
900,899,0.2,0.2,1.80145,0,0,
901,900,0.2,0.2,1.80356,0,0,
902,901,0.2,0.2,1.80555,0,0,
903,902,0.2,0.2,1.80766,0,0,
904,903,0.2,0.2,1.80966,0,0,
905,904,0.2,0.2,1.81176,0,0,
906,905,0.2,0.2,1.81376,0,0,
907,906,0.2,0.2,1.81587,0,0,
908,907,0.2,0.2,1.81787,0,0,
909,908,0.2,0.2,1.81997,0,0,
910,909,0.2,0.2,1.82197,0,0,
911,910,0.2,0.2,1.82408,0,0,
912,911,0.2,0.2,1.82608,0,0,
913,912,0.2,0.2,1.82818,0,0,
914,913,0.2,0.2,1.83018,0,0,
915,914,0.2,0.2,1.83229,0,0,
916,915,0.2,0.2,1.83429,0,0,
917,916,0.2,0.2,1.83639,0,0,
918,917,0.2,0.2,1.8385,0,0,
919,918,0.2,0.2,1.8405,0,0,
920,919,0.2,0.2,1.8426,0,0,
921,920,0.2,0.2,1.8446,0,0,
922,921,0.2,0.2,1.84671,0,0,
923,922,0.2,0.2,1.8487,0,0,
924,923,0.2,0.2,1.85081,0,0,
925,924,0.2,0.2,1.85281,0,0,
926,925,0.2,0.2,1.85491,0,0,
927,926,0.2,0.2,1.85691,0,0,
928,927,0.2,0.2,1.85902,0,0,
929,928,0.2,0.2,1.86102,0,0,
930,929,0.2,0.2,1.86312,0,0,
931,930,0.2,0.2,1.86512,0,0,
932,931,0.2,0.2,1.86723,0,0,
933,932,0.2,0.2,1.86923,0,0,
934,933,0.2,0.2,1.87133,0,0,
935,934,0.2,0.2,1.87333,0,0,
936,935,0.2,0.2,1.87544,0,0,
937,936,0.2,0.2,1.87744,0,0,
938,937,0.2,0.2,1.87954,0,0,
939,938,0.2,0.2,1.88154,0,0,
940,939,0.2,0.2,1.88365,0,0,
941,940,0.2,0.2,1.88575,0,0,
942,941,0.2,0.2,1.88775,0,0,
943,942,0.2,0.2,1.88985,0,0,
944,943,0.2,0.2,1.89185,0,0,
945,944,0.2,0.2,1.89396,0,0,
946,945,0.2,0.2,1.89596,0,0,
947,946,0.2,0.2,1.89806,0,0,
948,947,0.2,0.2,1.90006,0,0,
949,948,0.2,0.2,1.90217,0,0,
950,949,0.2,0.2,1.90417,0,0,
951,950,0.2,0.2,1.90627,0,0,
952,951,0.2,0.2,1.90827,0,0,
953,952,0.2,0.2,1.91038,0,0,
954,953,0.2,0.2,1.91238,0,0,
955,954,0.2,0.2,1.91448,0,0,
956,955,0.2,0.2,1.91648,0,0,
957,956,0.2,0.2,1.91859,0,0,
958,957,0.2,0.2,1.92059,0,0,
959,958,0.2,0.2,1.92269,0,0,
960,959,0.2,0.2,1.92469,0,0,
961,960,0.2,0.2,1.9268,0,0,
962,961,0.2,0.2,1.92879,0,0,
963,962,0.2,0.2,1.9309,0,0,
964,963,0.2,0.2,1.933,0,0,
965,964,0.2,0.2,1.935,0,0,
966,965,0.2,0.2,1.93711,0,0,
967,966,0.2,0.2,1.93911,0,0,
968,967,0.2,0.2,1.94121,0,0,
969,968,0.2,0.2,1.94321,0,0,
970,969,0.2,0.2,1.94532,0,0,
971,970,0.2,0.2,1.94732,0,0,
972,971,0.2,0.2,1.94942,0,0,
973,972,0.2,0.2,1.95142,0,0,
974,973,0.2,0.2,1.95353,0,0,
975,974,0.2,0.2,1.95553,0,0,
976,975,0.2,0.2,1.95763,0,0,
977,976,0.2,0.2,1.95963,0,0,
978,977,0.2,0.2,1.96174,0,0,
979,978,0.195612,0.195612,1.96374,0,0,
980,979,0.190432,0.190432,1.96584,0,0,
981,980,0.184823,0.184823,1.96773,0,0,
982,981,0.179625,0.179625,1.96973,0,0,
983,982,0.17397,0.17397,1.97163,0,0,
984,983,0.168437,0.168437,1.97331,0,0,
985,984,0.163362,0.163362,1.9751,0,0,
986,985,0.157791,0.157791,1.97668,0,0,
987,986,0.152707,0.152707,1.97836,0,0,
988,987,0.14709,0.14709,1.97994,0,0,
989,988,0.141622,0.141622,1.98142,0,0,
990,989,0.136321,0.136321,1.98289,0,0,
991,990,0.130805,0.130805,1.98436,0,0,
992,991,0.125046,0.125046,1.98563,0,0,
993,992,0.11989,0.11989,1.98699,0,0,
994,993,0.114042,0.114042,1.98826,0,0,
995,994,0.108363,0.108363,1.98931,0,0,
996,995,0.103393,0.103393,1.99047,0,0,
997,996,0.0976343,0.0976343,1.99152,0,0,
998,997,0.092087,0.092087,1.99257,0,0,
999,998,0.0861834,0.0861834,1.99341,0,0,
1000,999,0.0811519,0.0811519,1.99436,0,0,
1001,1000,0.0750896,0.0750896,1.9952,0,0,
1002,1001,0.0692567,0.0692567,1.99605,0,0,
1003,1002,0.0628852,0.0628852,1.99678,0,0,
1004,1003,0.0567261,0.0567261,1.99741,0,0,
1005,1004,0.0508565,0.0508565,1.99794,0,0,
1006,1005,0.0453891,0.0453891,1.99847,0,0,
1007,1006,0.0391657,0.0391657,1.99899,0,0,
1008,1007,0.0317449,0.0317449,1.99941,0,0,
1009,1008,0.0242232,0.0242232,1.99973,0,0,
1010,1009,0.0164631,0.0164631,2.00004,0,0,
1011,1010,0,0,2.00026,0,0,
1012,0,0,0,2.00036,0,0,
