0,0,0,0,0,0,0,
1,0,0,0,0,0,0,
2,1,0.005,0.005,0,0,0,
3,2,0.01,0.01,0,0,0,
4,3,0.015,0.015,0,0,0,
5,4,0.02,0.02,0,0,0,
6,5,0.025,0.025,0.000105243,0,0,
7,6,0.03,0.03,0.00031573,0,0,
8,7,0.035,0.035,0.000526217,0,0,
9,8,0.04,0.04,0.000841947,0,0,
10,9,0.045,0.045,0.00115768,0,0,
11,10,0.05,0.05,0.00157865,0,0,
12,11,0.055,0.055,0.00199962,0,0,
13,12,0.06,0.06,0.0024206,0,0,
14,13,0.065,0.065,0.00294681,0,0,
15,14,0.07,0.07,0.00347303,0,0,
16,15,0.075,0.075,0.00410449,0,0,
17,16,0.08,0.08,0.00463071,0,0,
18,17,0.085,0.085,0.00536741,0,0,
19,18,0.09,0.09,0.00620936,0,0,
20,19,0.095,0.095,0.0070513,0,0,
21,20,0.1,0.1,0.00799849,0,0,
22,21,0.105,0.105,0.00884044,0,0,
23,22,0.11,0.11,0.00989288,0,0,
24,23,0.115,0.115,0.0109453,0,0,
25,24,0.12,0.12,0.012103,0,0,
26,25,0.125,0.125,0.0131554,0,0,
27,26,0.13,0.13,0.0144183,0,0,
28,27,0.135,0.135,0.0156813,0,0,
29,28,0.14,0.14,0.0170494,0,0,
30,29,0.145,0.145,0.0183123,0,0,
31,30,0.15,0.15,0.0197858,0,0,
32,31,0.155,0.155,0.0212592,0,0,
33,32,0.16,0.16,0.0227326,0,0,
34,33,0.165,0.165,0.0243112,0,0,
35,34,0.17,0.17,0.0258899,0,0,
36,35,0.175,0.175,0.0275738,0,0,
37,36,0.18,0.18,0.0293629,0,0,
38,37,0.185,0.185,0.0310468,0,0,
39,38,0.19,0.19,0.0329412,0,0,
40,39,0.195,0.195,0.0347303,0,0,
41,40,0.2,0.2,0.0367299,0,0,
42,41,0.205,0.205,0.0386243,0,0,
43,42,0.21,0.21,0.0407292,0,0,
44,43,0.215,0.215,0.042834,0,0,
45,44,0.22,0.22,0.0449389,0,0,
46,45,0.225,0.225,0.047149,0,0,
47,46,0.23,0.23,0.0493591,0,0,
48,47,0.235,0.235,0.0515692,0,0,
49,48,0.24,0.24,0.0539898,0,0,
50,49,0.245,0.245,0.0563052,0,0,
51,50,0.25,0.25,0.058831,0,0,
52,51,0.255,0.255,0.0612516,0,0,
53,52,0.26,0.26,0.0638827,0,0,
54,53,0.265,0.265,0.0664086,0,0,
55,54,0.27,0.27,0.0690396,0,0,
56,55,0.275,0.275,0.071776,0,0,
57,56,0.28,0.28,0.0745123,0,0,
58,57,0.285,0.285,0.0772486,0,0,
59,58,0.29,0.29,0.0801954,0,0,
60,59,0.295,0.295,0.083037,0,0,
61,60,0.3,0.3,0.0859838,0,0,
62,61,0.3,0.3,0.0890359,0,0,
63,62,0.3,0.3,0.0919827,0,0,
64,63,0.3,0.3,0.0949295,0,0,
65,64,0.3,0.3,0.100928,0,0,
66,65,0.3,0.3,0.103875,0,0,
67,66,0.3,0.3,0.106927,0,0,
68,67,0.3,0.3,0.109874,0,0,
69,68,0.3,0.3,0.112821,0,0,
70,69,0.3,0.3,0.11882,0,0,
71,70,0.3,0.3,0.121767,0,0,
72,71,0.3,0.3,0.124713,0,0,
73,72,0.3,0.3,0.127765,0,0,
74,73,0.3,0.3,0.130712,0,0,
75,74,0.3,0.3,0.133659,0,0,
76,75,0.3,0.3,0.136711,0,0,
77,76,0.3,0.3,0.139658,0,0,
78,77,0.3,0.3,0.142605,0,0,
79,78,0.3,0.3,0.145657,0,0,
80,79,0.3,0.3,0.148604,0,0,
81,80,0.3,0.3,0.15155,0,0,
82,81,0.3,0.3,0.154602,0,0,
83,82,0.3,0.3,0.157549,0,0,
84,83,0.3,0.3,0.160496,0,0,
85,84,0.3,0.3,0.163443,0,0,
86,85,0.3,0.3,0.166495,0,0,
87,86,0.3,0.3,0.169442,0,0,
88,87,0.3,0.3,0.172389,0,0,
89,88,0.3,0.3,0.175441,0,0,
90,89,0.3,0.3,0.178387,0,0,
91,90,0.3,0.3,0.181334,0,0,
92,91,0.3,0.3,0.184386,0,0,
93,92,0.3,0.3,0.187333,0,0,
94,93,0.3,0.3,0.19028,0,0,
95,94,0.3,0.3,0.193227,0,0,
96,95,0.3,0.3,0.196279,0,0,
97,96,0.3,0.3,0.199226,0,0,
98,97,0.3,0.3,0.202172,0,0,
99,98,0.3,0.3,0.205225,0,0,
100,99,0.3,0.3,0.208171,0,0,
101,100,0.3,0.3,0.211118,0,0,
102,101,0.3,0.3,0.21417,0,0,
103,102,0.3,0.3,0.217117,0,0,
104,103,0.3,0.3,0.220064,0,0,
105,104,0.3,0.3,0.223116,0,0,
106,105,0.3,0.3,0.226063,0,0,
107,106,0.3,0.3,0.22901,0,0,
108,107,0.3,0.3,0.231956,0,0,
109,108,0.3,0.3,0.235008,0,0,
110,109,0.3,0.3,0.237955,0,0,
111,110,0.3,0.3,0.240902,0,0,
112,111,0.3,0.3,0.243954,0,0,
113,112,0.3,0.3,0.246901,0,0,
114,113,0.3,0.3,0.249848,0,0,
115,114,0.3,0.3,0.2529,0,0,
116,115,0.3,0.3,0.255847,0,0,
117,116,0.3,0.3,0.258793,0,0,
118,117,0.3,0.3,0.261845,0,0,
119,118,0.3,0.3,0.264792,0,0,
120,119,0.3,0.3,0.267739,0,0,
121,120,0.3,0.3,0.270686,0,0,
122,121,0.3,0.3,0.273738,0,0,
123,122,0.3,0.3,0.276685,0,0,
124,123,0.3,0.3,0.279632,0,0,
125,124,0.3,0.3,0.282684,0,0,
126,125,0.3,0.3,0.28563,0,0,
127,126,0.3,0.3,0.288577,0,0,
128,127,0.3,0.3,0.291629,0,0,
129,128,0.3,0.3,0.294576,0,0,
130,129,0.3,0.3,0.297523,0,0,
131,130,0.3,0.3,0.300575,0,0,
132,131,0.3,0.3,0.303522,0,0,
133,132,0.3,0.3,0.306469,0,0,
134,133,0.3,0.3,0.309415,0,0,
135,134,0.3,0.3,0.315414,0,0,
136,135,0.3,0.3,0.318361,0,0,
137,136,0.3,0.3,0.321413,0,0,
138,137,0.3,0.3,0.32436,0,0,
139,138,0.3,0.3,0.327307,0,0,
140,139,0.3,0.3,0.330359,0,0,
141,140,0.3,0.3,0.333306,0,0,
142,141,0.3,0.3,0.336253,0,0,
143,142,0.3,0.3,0.339305,0,0,
144,143,0.3,0.3,0.342251,0,0,
145,144,0.3,0.3,0.345198,0,0,
146,145,0.3,0.3,0.348145,0,0,
147,146,0.3,0.3,0.351197,0,0,
148,147,0.3,0.3,0.354144,0,0,
149,148,0.3,0.3,0.357091,0,0,
150,149,0.3,0.3,0.360143,0,0,
151,150,0.3,0.3,0.36309,0,0,
152,151,0.3,0.3,0.366036,0,0,
153,152,0.3,0.3,0.369088,0,0,
154,153,0.3,0.3,0.372035,0,0,
155,154,0.3,0.3,0.374982,0,0,
156,155,0.3,0.3,0.377929,0,0,
157,156,0.3,0.3,0.380981,0,0,
158,157,0.3,0.3,0.383928,0,0,
159,158,0.3,0.3,0.386875,0,0,
160,159,0.3,0.3,0.389927,0,0,
161,160,0.3,0.3,0.392873,0,0,
162,161,0.3,0.3,0.39582,0,0,
163,162,0.3,0.3,0.398872,0,0,
164,163,0.3,0.3,0.401819,0,0,
165,164,0.3,0.3,0.404766,0,0,
166,165,0.3,0.3,0.407818,0,0,
167,166,0.3,0.3,0.410765,0,0,
168,167,0.3,0.3,0.413712,0,0,
169,168,0.3,0.3,0.416658,0,0,
170,169,0.3,0.3,0.41971,0,0,
171,170,0.3,0.3,0.422657,0,0,
172,171,0.3,0.3,0.425604,0,0,
173,172,0.3,0.3,0.428656,0,0,
174,173,0.3,0.3,0.431603,0,0,
175,174,0.3,0.3,0.43455,0,0,
176,175,0.3,0.3,0.437602,0,0,
177,176,0.3,0.3,0.440549,0,0,
178,177,0.3,0.3,0.443495,0,0,
179,178,0.3,0.3,0.446548,0,0,
180,179,0.3,0.3,0.449494,0,0,
181,180,0.3,0.3,0.452441,0,0,
182,181,0.3,0.3,0.455388,0,0,
183,182,0.3,0.3,0.45844,0,0,
184,183,0.3,0.3,0.461387,0,0,
185,184,0.3,0.3,0.464334,0,0,
186,185,0.3,0.3,0.467386,0,0,
187,186,0.3,0.3,0.470333,0,0,
188,187,0.3,0.3,0.473279,0,0,
189,188,0.3,0.3,0.476331,0,0,
190,189,0.3,0.3,0.479278,0,0,
191,190,0.3,0.3,0.482225,0,0,
192,191,0.3,0.3,0.485277,0,0,
193,192,0.3,0.3,0.488224,0,0,
194,193,0.3,0.3,0.491171,0,0,
195,194,0.3,0.3,0.494118,0,0,
196,195,0.3,0.3,0.49717,0,0,
197,196,0.3,0.3,0.500116,0,0,
198,197,0.3,0.3,0.503063,0,0,
199,198,0.3,0.3,0.506115,0,0,
200,199,0.3,0.3,0.509062,0,0,
201,200,0.3,0.3,0.512009,0,0,
202,201,0.3,0.3,0.515061,0,0,
203,202,0.3,0.3,0.518008,0,0,
204,203,0.3,0.3,0.520955,0,0,
205,204,0.3,0.3,0.524007,0,0,
206,205,0.3,0.3,0.526953,0,0,
207,206,0.3,0.3,0.5299,0,0,
208,207,0.3,0.3,0.532847,0,0,
209,208,0.3,0.3,0.535899,0,0,
210,209,0.3,0.3,0.538846,0,0,
211,210,0.3,0.3,0.541793,0,0,
212,211,0.3,0.3,0.544845,0,0,
213,212,0.3,0.3,0.547792,0,0,
214,213,0.3,0.3,0.550738,0,0,
215,214,0.3,0.3,0.553791,0,0,
216,215,0.3,0.3,0.556737,0,0,
217,216,0.3,0.3,0.559684,0,0,
218,217,0.3,0.3,0.562631,0,0,
219,218,0.3,0.3,0.565683,0,0,
220,219,0.3,0.3,0.56863,0,0,
221,220,0.3,0.3,0.571577,0,0,
222,221,0.3,0.3,0.574629,0,0,
223,222,0.3,0.3,0.577576,0,0,
224,223,0.3,0.3,0.580522,0,0,
225,224,0.3,0.3,0.583574,0,0,
226,225,0.3,0.3,0.586521,0,0,
227,226,0.3,0.3,0.589468,0,0,
228,227,0.3,0.3,0.59252,0,0,
229,228,0.3,0.3,0.595467,0,0,
230,229,0.3,0.3,0.598414,0,0,
231,230,0.3,0.3,0.601361,0,0,
232,231,0.3,0.3,0.604413,0,0,
233,232,0.3,0.3,0.607359,0,0,
234,233,0.3,0.3,0.610306,0,0,
235,234,0.3,0.3,0.613358,0,0,
236,235,0.3,0.3,0.616305,0,0,
237,236,0.3,0.3,0.619252,0,0,
238,237,0.3,0.3,0.622304,0,0,
239,238,0.3,0.3,0.625251,0,0,
240,239,0.3,0.3,0.628198,0,0,
241,240,0.3,0.3,0.63125,0,0,
242,241,0.3,0.3,0.634196,0,0,
243,242,0.3,0.3,0.637143,0,0,
244,243,0.3,0.3,0.64009,0,0,
245,244,0.3,0.3,0.643142,0,0,
246,245,0.3,0.3,0.646089,0,0,
247,246,0.3,0.3,0.649036,0,0,
248,247,0.3,0.3,0.652088,0,0,
249,248,0.3,0.3,0.655035,0,0,
250,249,0.3,0.3,0.657981,0,0,
251,250,0.3,0.3,0.661034,0,0,
252,251,0.3,0.3,0.66398,0,0,
253,252,0.3,0.3,0.666927,0,0,
254,253,0.3,0.3,0.669979,0,0,
255,254,0.3,0.3,0.672926,0,0,
256,255,0.3,0.3,0.675873,0,0,
257,256,0.3,0.3,0.67882,0,0,
258,257,0.3,0.3,0.684819,0,0,
259,258,0.3,0.3,0.687765,0,0,
260,259,0.3,0.3,0.690817,0,0,
261,260,0.3,0.3,0.693764,0,0,
262,261,0.3,0.3,0.696711,0,0,
263,262,0.3,0.3,0.699763,0,0,
264,263,0.3,0.3,0.70271,0,0,
265,264,0.3,0.3,0.705657,0,0,
266,265,0.3,0.3,0.708709,0,0,
267,266,0.3,0.3,0.711656,0,0,
268,267,0.3,0.3,0.714602,0,0,
269,268,0.3,0.3,0.717549,0,0,
270,269,0.3,0.3,0.720601,0,0,
271,270,0.3,0.3,0.723548,0,0,
272,271,0.3,0.3,0.726495,0,0,
273,272,0.3,0.3,0.729547,0,0,
274,273,0.3,0.3,0.732494,0,0,
275,274,0.3,0.3,0.735441,0,0,
276,275,0.3,0.3,0.738493,0,0,
277,276,0.3,0.3,0.741439,0,0,
278,277,0.3,0.3,0.744386,0,0,
279,278,0.3,0.3,0.747438,0,0,
280,279,0.3,0.3,0.750385,0,0,
281,280,0.3,0.3,0.753332,0,0,
282,281,0.3,0.3,0.756279,0,0,
283,282,0.3,0.3,0.759331,0,0,
284,283,0.3,0.3,0.762278,0,0,
285,284,0.3,0.3,0.765224,0,0,
286,285,0.3,0.3,0.768276,0,0,
287,286,0.3,0.3,0.771223,0,0,
288,287,0.3,0.3,0.77417,0,0,
289,288,0.3,0.3,0.777222,0,0,
290,289,0.3,0.3,0.780169,0,0,
291,290,0.3,0.3,0.783116,0,0,
292,291,0.3,0.3,0.786063,0,0,
293,292,0.3,0.3,0.789115,0,0,
294,293,0.3,0.3,0.792061,0,0,
295,294,0.3,0.3,0.795008,0,0,
296,295,0.3,0.3,0.79806,0,0,
297,296,0.3,0.3,0.801007,0,0,
298,297,0.3,0.3,0.803954,0,0,
299,298,0.3,0.3,0.807006,0,0,
300,299,0.3,0.3,0.809953,0,0,
301,300,0.3,0.3,0.8129,0,0,
302,301,0.3,0.3,0.815952,0,0,
303,302,0.3,0.3,0.818899,0,0,
304,303,0.3,0.3,0.821845,0,0,
305,304,0.3,0.3,0.824792,0,0,
306,305,0.3,0.3,0.827844,0,0,
307,306,0.3,0.3,0.830791,0,0,
308,307,0.3,0.3,0.833738,0,0,
309,308,0.3,0.3,0.83679,0,0,
310,309,0.3,0.3,0.839737,0,0,
311,310,0.3,0.3,0.842684,0,0,
312,311,0.3,0.3,0.845736,0,0,
313,312,0.3,0.3,0.848682,0,0,
314,313,0.3,0.3,0.851629,0,0,
315,314,0.3,0.3,0.854681,0,0,
316,315,0.3,0.3,0.857628,0,0,
317,316,0.3,0.3,0.860575,0,0,
318,317,0.3,0.3,0.863522,0,0,
319,318,0.3,0.3,0.866574,0,0,
320,319,0.3,0.3,0.869521,0,0,
321,320,0.3,0.3,0.872467,0,0,
322,321,0.3,0.3,0.875519,0,0,
323,322,0.3,0.3,0.878466,0,0,
324,323,0.3,0.3,0.881413,0,0,
325,324,0.3,0.3,0.884465,0,0,
326,325,0.3,0.3,0.887412,0,0,
327,326,0.3,0.3,0.890359,0,0,
328,327,0.3,0.3,0.893411,0,0,
329,328,0.3,0.3,0.896358,0,0,
330,329,0.3,0.3,0.899304,0,0,
331,330,0.3,0.3,0.902251,0,0,
332,331,0.3,0.3,0.905303,0,0,
333,332,0.3,0.3,0.90825,0,0,
334,333,0.3,0.3,0.911197,0,0,
335,334,0.297998,0.297998,0.914249,0,0,
336,335,0.292833,0.292833,0.917196,0,0,
337,336,0.287757,0.287757,0.920143,0,0,
338,337,0.28259,0.28259,0.923195,0,0,
339,338,0.277138,0.277138,0.926036,0,0,
340,339,0.271963,0.271963,0.928878,0,0,
341,340,0.266687,0.266687,0.931719,0,0,
342,341,0.261306,0.261306,0.934456,0,0,
343,342,0.256016,0.256016,0.937087,0,0,
344,343,0.250825,0.250825,0.939823,0,0,
345,344,0.24531,0.24531,0.942349,0,0,
346,345,0.240106,0.240106,0.94498,0,0,
347,346,0.234563,0.234563,0.949821,0,0,
348,347,0.224006,0.224006,0.952347,0,0,
349,348,0.218295,0.218295,0.954662,0,0,
350,349,0.212926,0.212926,0.956978,0,0,
351,350,0.207418,0.207418,0.959083,0,0,
352,351,0.20228,0.20228,0.961293,0,0,
353,352,0.196741,0.196741,0.963292,0,0,
354,353,0.191592,0.191592,0.965397,0,0,
355,354,0.186018,0.186018,0.967292,0,0,
356,355,0.180854,0.180854,0.969291,0,0,
357,356,0.175239,0.175239,0.97108,0,0,
358,357,0.170058,0.170058,0.972975,0,0,
359,358,0.164393,0.164393,0.974764,0,0,
360,359,0.158859,0.158859,0.976448,0,0,
361,360,0.153467,0.153467,0.978132,0,0,
362,361,0.147879,0.147879,0.979605,0,0,
363,362,0.142811,0.142811,0.981184,0,0,
364,363,0.137172,0.137172,0.982657,0,0,
365,364,0.131692,0.131692,0.984025,0,0,
366,365,0.126391,0.126391,0.985394,0,0,
367,366,0.120857,0.120857,0.986762,0,0,
368,367,0.115058,0.115058,0.987919,0,0,
369,368,0.109912,0.109912,0.989182,0,0,
370,369,0.104008,0.104008,0.99034,0,0,
371,370,0.0982855,0.0982855,0.991392,0,0,
372,371,0.0927772,0.0927772,0.99234,0,0,
373,372,0.0875238,0.0875238,0.993287,0,0,
374,373,0.0819343,0.0819343,0.994234,0,0,
375,374,0.0759344,0.0759344,0.995076,0,0,
376,375,0.0701719,0.0701719,0.995918,0,0,
377,376,0.0638916,0.0638916,0.996549,0,0,
378,377,0.0587425,0.0587425,0.997286,0,0,
379,378,0.0520959,0.0520959,0.997917,0,0,
380,379,0.0456346,0.0456346,0.998444,0,0,
381,380,0.03945,0.03945,0.99897,0,0,
382,381,0.0320949,0.0320949,0.999391,0,0,
383,382,0.0246802,0.0246802,1.00002,0,0,
384,383,0,0,1.00034,0,0,
385,0,0,0,1.00055,0,0,
386,1,-0.005,0.005,1.00055,0,0,
387,2,-0.01,0.01,1.00055,0,0,
388,3,-0.015,0.015,1.00055,0,0,
389,4,-0.02,0.02,1.0006,2.13003e-08,0.000404782,
390,5,-0.025,0.025,1.0006,2.13003e-08,0.00121435,
391,6,-0.03,0.03,1.00055,-1.06501e-07,0.00242869,
392,7,-0.035,0.035,1.00055,-1.06501e-07,0.00404782,
393,8,-0.04,0.04,1.00055,-1.06501e-07,0.00647651,
394,9,-0.045,0.045,1.00055,-1.06501e-07,0.00890521,
395,10,-0.05,0.05,1.00055,-1.06501e-07,0.0121435,
396,11,-0.055,0.055,1.00055,-1.06501e-07,0.0153817,
397,12,-0.06,0.06,1.00055,-1.06501e-07,0.01862,
398,13,-0.065,0.065,1.00055,-1.06501e-07,0.0226678,
399,14,-0.07,0.07,1.00055,-1.06501e-07,0.0267156,
400,15,-0.075,0.075,1.0006,1.53336e-06,0.0311682,
401,16,-0.08,0.08,1.00055,-3.40674e-07,0.0356208,
402,17,-0.085,0.085,1.00055,-3.40674e-07,0.0412878,
403,18,-0.09,0.09,1.00055,-3.40674e-07,0.0477643,
404,19,-0.095,0.095,1.00055,-3.40674e-07,0.0542408,
405,20,-0.1,0.1,1.00055,-3.40674e-07,0.0615269,
406,21,-0.105,0.105,1.00055,-3.40674e-07,0.0680034,
407,22,-0.11,0.11,1.00055,-3.40674e-07,0.076099,
408,23,-0.115,0.115,1.00055,-3.40674e-07,0.0841947,
409,24,-0.12,0.12,1.00055,-3.40674e-07,0.0930999,
410,25,-0.125,0.125,1.00055,-3.40674e-07,0.101196,
411,26,-0.13,0.13,1.00055,-3.40674e-07,0.11091,
412,27,-0.135,0.135,1.00055,-3.40674e-07,0.120625,
413,28,-0.14,0.14,1.0006,6.51974e-06,0.130745,
414,29,-0.145,0.145,1.00055,-8.68277e-07,0.140864,
415,30,-0.15,0.15,1.00055,-8.68277e-07,0.152198,
416,31,-0.155,0.155,1.0006,7.67773e-06,0.163127,
417,32,-0.16,0.16,1.00055,-1.47718e-06,0.174866,
418,33,-0.165,0.165,1.00055,-1.47718e-06,0.187009,
419,34,-0.17,0.17,1.0006,8.95431e-06,0.199558,
420,35,-0.175,0.175,1.00055,-2.12355e-06,0.212106,
421,36,-0.18,0.18,1.00055,-2.12355e-06,0.225868,
422,37,-0.185,0.185,1.00055,-2.12355e-06,0.238821,
423,38,-0.19,0.19,1.00055,-2.12355e-06,0.253394,
424,39,-0.195,0.195,1.00055,-2.12355e-06,0.267156,
425,40,-0.2,0.2,1.00055,-2.12355e-06,0.282538,
426,41,-0.205,0.205,1.0006,1.33022e-05,0.297515,
427,42,-0.21,0.21,1.00055,-2.91581e-06,0.313301,
428,43,-0.215,0.215,1.0006,1.40905e-05,0.329088,
429,44,-0.22,0.22,1.00055,-3.73988e-06,0.345684,
430,45,-0.225,0.225,1.0006,1.49096e-05,0.36228,
431,46,-0.23,0.23,1.00055,-4.59348e-06,0.379686,
432,47,-0.235,0.235,1.0006,1.57573e-05,0.397091,
433,48,-0.24,0.24,1.00055,-5.47398e-06,0.415306,
434,49,-0.245,0.245,1.00055,-5.47398e-06,0.433117,
435,50,-0.25,0.25,1.00055,-5.47398e-06,0.452546,
436,51,-0.255,0.255,1.00055,-5.47398e-06,0.471166,
437,52,-0.26,0.26,1.00055,-5.47398e-06,0.491406,
438,53,-0.265,0.265,1.00055,-5.47398e-06,0.510835,
439,54,-0.27,0.27,1.00055,-5.47398e-06,0.531074,
440,55,-0.275,0.275,1.00055,-5.47398e-06,0.552123,
441,56,-0.28,0.28,1.00055,-5.47398e-06,0.573171,
442,57,-0.285,0.285,1.00059,2.40046e-05,0.594625,
443,58,-0.29,0.29,1.00055,-6.43703e-06,0.616888,
444,59,-0.295,0.295,1.00055,-6.43703e-06,0.638746,
445,60,-0.3,0.3,1.00059,2.59018e-05,0.661819,
446,61,-0.3,0.3,1.00055,-7.38613e-06,0.684891,
447,62,-0.3,0.3,1.00055,-7.38613e-06,0.707559,
448,63,-0.3,0.3,1.00055,-7.38613e-06,0.730227,
449,64,-0.3,0.3,1.00055,-7.38613e-06,0.753704,
450,65,-0.3,0.3,1.00055,-7.38613e-06,0.776372,
451,66,-0.3,0.3,1.00055,-7.38613e-06,0.79904,
452,67,-0.3,0.3,1.00055,-7.38613e-06,0.822517,
453,68,-0.3,0.3,1.00055,-7.38613e-06,0.845185,
454,69,-0.3,0.3,1.00055,-7.38613e-06,0.867853,
455,70,-0.3,0.3,1.00058,3.35353e-05,0.890925,
456,71,-0.3,0.3,1.00055,-8.13848e-06,0.913998,
457,72,-0.3,0.3,1.00055,-8.13848e-06,0.936666,
458,73,-0.3,0.3,1.00058,3.49609e-05,0.959738,
459,74,-0.3,0.3,1.00055,-8.82353e-06,0.982811,
460,75,-0.3,0.3,1.00055,-8.82353e-06,1.00548,
461,76,-0.3,0.3,1.00055,-8.82353e-06,1.02815,
462,77,-0.3,0.3,1.00055,-8.82353e-06,1.05162,
463,78,-0.3,0.3,1.00055,-8.82353e-06,1.09696,
464,79,-0.3,0.3,1.00055,-8.82353e-06,1.12044,
465,80,-0.3,0.3,1.00055,-8.82353e-06,1.1431,
466,81,-0.3,0.3,1.00055,-8.82353e-06,1.16577,
467,82,-0.3,0.3,1.00057,4.00062e-05,1.18885,
468,83,-0.3,0.3,1.00055,-9.26303e-06,1.21192,
469,84,-0.3,0.3,1.00055,-9.26303e-06,1.23459,
470,85,-0.3,0.3,1.00057,4.07997e-05,1.25766,
471,86,-0.3,0.3,1.00056,-9.62367e-06,1.28073,
472,87,-0.3,0.3,1.00056,-9.62367e-06,1.3034,
473,88,-0.3,0.3,1.00056,-9.62367e-06,1.32607,
474,89,-0.3,0.3,1.00056,-9.62367e-06,1.34954,
475,90,-0.3,0.3,1.00056,-9.62367e-06,1.37221,
476,91,-0.3,0.3,1.00056,-9.62367e-06,1.39488,
477,92,-0.3,0.3,1.00056,4.23845e-05,1.41795,
478,93,-0.3,0.3,1.00056,-9.79467e-06,1.44102,
479,94,-0.3,0.3,1.00056,-9.79467e-06,1.46369,
480,95,-0.3,0.3,1.00056,4.26413e-05,1.48676,
481,96,-0.289882,0.289882,1.00056,-9.8826e-06,1.50984,
482,97,-0.246899,0.246899,1.00056,-9.8826e-06,1.53251,
483,98,-0.195681,0.195681,1.00056,4.27323e-05,1.55477,
484,99,-0.126602,0.126602,1.00056,-9.88913e-06,1.57379,
485,100,0,0,1.00056,-9.88913e-06,1.58837,
486,0,0,0,1.00056,-9.88913e-06,1.59808,
487,1,0.005,0.005,1.00056,-9.88913e-06,1.59808,
488,2,0.01,0.01,1.00056,-9.88913e-06,1.59808,
489,3,0.015,0.015,1.00056,-9.88913e-06,1.59808,
490,4,0.02,0.02,1.00056,4.27124e-05,1.59848,
491,5,0.025,0.025,1.00055,0.000147915,1.59848,
492,6,0.03,0.03,1.00055,0.000358321,1.59848,
493,7,0.035,0.035,1.00054,0.000568727,1.59848,
494,8,0.04,0.04,1.00053,0.000884336,1.59848,
495,9,0.045,0.045,1.00053,0.00119995,1.59848,
496,10,0.05,0.05,1.00051,0.00162076,1.59848,
497,11,0.055,0.055,1.0005,0.00198896,1.59889,
498,12,0.06,0.06,1.00049,0.00240977,1.59889,
499,13,0.065,0.065,1.00048,0.00293578,1.59889,
500,14,0.07,0.07,1.00046,0.00340919,1.59848,
501,15,0.075,0.075,1.00045,0.00404041,1.59848,
502,16,0.08,0.08,1.00043,0.00467163,1.59848,
503,17,0.085,0.085,1.00041,0.00540805,1.59848,
504,18,0.09,0.09,1.00039,0.00619706,1.59889,
505,19,0.095,0.095,1.00036,0.00703868,1.59889,
506,20,0.1,0.1,1.00034,0.00793291,1.59848,
507,21,0.105,0.105,1.00031,0.00887973,1.59848,
508,22,0.11,0.11,1.00028,0.00993176,1.59848,
509,23,0.115,0.115,1.00025,0.0109312,1.59889,
510,24,0.12,0.12,1.00022,0.0120358,1.59848,
511,25,0.125,0.125,1.00019,0.013193,1.59848,
512,26,0.13,0.13,1.00016,0.0144555,1.59848,
513,27,0.135,0.135,1.00012,0.0156653,1.59889,
514,28,0.14,0.14,1.00009,0.0169803,1.59848,
515,29,0.145,0.145,1.00005,0.018348,1.59848,
516,30,0.15,0.15,1.00001,0.0197682,1.59889,
517,31,0.155,0.155,0.999969,0.0211884,1.59848,
518,32,0.16,0.16,0.999926,0.0227665,1.59848,
519,33,0.165,0.165,0.999883,0.0242919,1.59889,
520,34,0.17,0.17,0.999838,0.0259226,1.59848,
521,35,0.175,0.175,0.999791,0.0276058,1.59848,
522,36,0.18,0.18,0.999744,0.0292891,1.59848,
523,37,0.185,0.185,0.999695,0.0310775,1.59848,
524,38,0.19,0.19,0.999643,0.0329185,1.59889,
525,39,0.195,0.195,0.999592,0.0347596,1.59848,
526,40,0.2,0.2,0.999538,0.0367058,1.59889,
527,41,0.205,0.205,0.999484,0.0386521,1.59848,
528,42,0.21,0.21,0.999426,0.0407035,1.59889,
529,43,0.215,0.215,0.999369,0.042755,1.59848,
530,44,0.22,0.22,0.999309,0.0449116,1.59889,
531,45,0.225,0.225,0.999249,0.0470683,1.59848,
532,46,0.23,0.23,0.999185,0.0493301,1.59889,
533,47,0.235,0.235,0.999123,0.051592,1.59848,
534,48,0.24,0.24,0.999056,0.053959,1.59889,
535,49,0.245,0.245,0.998991,0.0563261,1.59848,
536,50,0.25,0.25,0.998924,0.0587458,1.59848,
537,51,0.255,0.255,0.998854,0.0612706,1.59848,
538,52,0.26,0.26,0.998784,0.0637955,1.59848,
539,53,0.265,0.265,0.998711,0.0663729,1.59889,
540,54,0.27,0.27,0.998637,0.0690556,1.59848,
541,55,0.275,0.275,0.998564,0.0716857,1.59848,
542,56,0.28,0.28,0.998485,0.0745262,1.59848,
543,57,0.285,0.285,0.99841,0.0772615,1.59848,
544,58,0.29,0.29,0.998328,0.0801545,1.59889,
545,59,0.295,0.295,0.998248,0.0830476,1.59848,
546,60,0.3,0.3,0.998167,0.0859933,1.59848,
547,61,0.3,0.3,0.998085,0.088939,1.59848,
548,62,0.3,0.3,0.998001,0.0919899,1.59848,
549,63,0.3,0.3,0.997837,0.0978812,1.59848,
550,64,0.3,0.3,0.997753,0.100879,1.59889,
551,65,0.3,0.3,0.99767,0.103878,1.59848,
552,66,0.3,0.3,0.997589,0.106823,1.59848,
553,67,0.3,0.3,0.997504,0.109822,1.59889,
554,68,0.3,0.3,0.997421,0.11282,1.59848,
555,69,0.3,0.3,0.99734,0.115766,1.59848,
556,70,0.3,0.3,0.997255,0.118764,1.59889,
557,71,0.3,0.3,0.997172,0.121762,1.59848,
558,72,0.3,0.3,0.997091,0.124708,1.59848,
559,73,0.3,0.3,0.997009,0.127654,1.59848,
560,74,0.3,0.3,0.996925,0.130704,1.59848,
561,75,0.3,0.3,0.996843,0.13365,1.59848,
562,76,0.3,0.3,0.996762,0.136596,1.59848,
563,77,0.3,0.3,0.996677,0.139594,1.59889,
564,78,0.3,0.3,0.996594,0.142592,1.59848,
565,79,0.3,0.3,0.996513,0.145538,1.59848,
566,80,0.3,0.3,0.996428,0.148536,1.59889,
567,81,0.3,0.3,0.996345,0.151535,1.59848,
568,82,0.3,0.3,0.996264,0.15448,1.59848,
569,83,0.3,0.3,0.99618,0.157479,1.59889,
570,84,0.3,0.3,0.996097,0.160477,1.59848,
571,85,0.3,0.3,0.996015,0.163422,1.59848,
572,86,0.3,0.3,0.995933,0.166368,1.59848,
573,87,0.3,0.3,0.995849,0.169366,1.59889,
574,88,0.3,0.3,0.995766,0.172365,1.59848,
575,89,0.3,0.3,0.995685,0.17531,1.59848,
576,90,0.3,0.3,0.9956,0.178309,1.59889,
577,91,0.3,0.3,0.995517,0.181307,1.59848,
578,92,0.3,0.3,0.995436,0.184253,1.59848,
579,93,0.3,0.3,0.995351,0.187251,1.59889,
580,94,0.3,0.3,0.995268,0.190249,1.59848,
581,95,0.3,0.3,0.995187,0.193195,1.59848,
582,96,0.3,0.3,0.995105,0.196141,1.59848,
583,97,0.3,0.3,0.995021,0.199191,1.59848,
584,98,0.3,0.3,0.994939,0.202137,1.59848,
585,99,0.3,0.3,0.994858,0.205083,1.59848,
586,100,0.3,0.3,0.994773,0.208081,1.59889,
587,101,0.3,0.3,0.99469,0.211079,1.59848,
588,102,0.3,0.3,0.994609,0.214025,1.59848,
589,103,0.3,0.3,0.994524,0.217023,1.59889,
590,104,0.3,0.3,0.994441,0.220022,1.59848,
591,105,0.3,0.3,0.99436,0.222967,1.59848,
592,106,0.3,0.3,0.994276,0.225965,1.59889,
593,107,0.3,0.3,0.994193,0.228964,1.59848,
594,108,0.3,0.3,0.994111,0.231909,1.59848,
595,109,0.3,0.3,0.994029,0.234855,1.59848,
596,110,0.3,0.3,0.993945,0.237906,1.59848,
597,111,0.3,0.3,0.993863,0.240852,1.59848,
598,112,0.3,0.3,0.993782,0.243797,1.59848,
599,113,0.3,0.3,0.993616,0.249794,1.59848,
600,114,0.3,0.3,0.993534,0.25274,1.59848,
601,115,0.3,0.3,0.99345,0.255738,1.59889,
602,116,0.3,0.3,0.993367,0.258736,1.59848,
603,117,0.3,0.3,0.993285,0.261682,1.59848,
604,118,0.3,0.3,0.993201,0.26468,1.59889,
605,119,0.3,0.3,0.993118,0.267678,1.59848,
606,120,0.3,0.3,0.993036,0.270624,1.59848,
607,121,0.3,0.3,0.992955,0.27357,1.59848,
608,122,0.3,0.3,0.99287,0.276621,1.59848,
609,123,0.3,0.3,0.992789,0.279566,1.59848,
610,124,0.3,0.3,0.992707,0.282512,1.59848,
611,125,0.3,0.3,0.992623,0.28551,1.59889,
612,126,0.3,0.3,0.99254,0.288509,1.59848,
613,127,0.3,0.3,0.992458,0.291454,1.59848,
614,128,0.3,0.3,0.992374,0.294453,1.59889,
615,129,0.3,0.3,0.992291,0.297451,1.59848,
616,130,0.3,0.3,0.992209,0.300396,1.59848,
617,131,0.3,0.3,0.992125,0.303395,1.59889,
618,132,0.3,0.3,0.992042,0.306393,1.59848,
619,133,0.3,0.3,0.99196,0.309339,1.59848,
620,134,0.3,0.3,0.991879,0.312284,1.59848,
621,135,0.3,0.3,0.991794,0.315335,1.59848,
622,136,0.3,0.3,0.991713,0.318281,1.59848,
623,137,0.3,0.3,0.991631,0.321227,1.59848,
624,138,0.3,0.3,0.991547,0.324225,1.59889,
625,139,0.3,0.3,0.991464,0.327223,1.59848,
626,140,0.3,0.3,0.991382,0.330169,1.59848,
627,141,0.3,0.3,0.991298,0.333167,1.59889,
628,142,0.3,0.3,0.991215,0.336165,1.59848,
629,143,0.3,0.3,0.991133,0.339111,1.59848,
630,144,0.3,0.3,0.991049,0.342109,1.59889,
631,145,0.3,0.3,0.990966,0.345108,1.59848,
632,146,0.3,0.3,0.990885,0.348053,1.59848,
633,147,0.3,0.3,0.990803,0.350999,1.59848,
634,148,0.3,0.3,0.990637,0.356996,1.59848,
635,149,0.3,0.3,0.990555,0.359941,1.59848,
636,150,0.3,0.3,0.990471,0.36294,1.59889,
637,151,0.3,0.3,0.990388,0.365938,1.59848,
638,152,0.3,0.3,0.990306,0.368883,1.59848,
639,153,0.3,0.3,0.990222,0.371882,1.59889,
640,154,0.3,0.3,0.990139,0.37488,1.59848,
641,155,0.3,0.3,0.990058,0.377826,1.59848,
642,156,0.3,0.3,0.989973,0.380824,1.59889,
643,157,0.3,0.3,0.98989,0.383822,1.59848,
644,158,0.3,0.3,0.989809,0.386768,1.59848,
645,159,0.3,0.3,0.989727,0.389714,1.59848,
646,160,0.3,0.3,0.989643,0.392712,1.59889,
647,161,0.3,0.3,0.98956,0.39571,1.59848,
648,162,0.3,0.3,0.989478,0.398656,1.59848,
649,163,0.3,0.3,0.989394,0.401654,1.59889,
650,164,0.3,0.3,0.989311,0.404652,1.59848,
651,165,0.3,0.3,0.989229,0.407598,1.59848,
652,166,0.3,0.3,0.989145,0.410596,1.59889,
653,167,0.3,0.3,0.989062,0.413595,1.59848,
654,168,0.3,0.3,0.988981,0.41654,1.59848,
655,169,0.3,0.3,0.988899,0.419486,1.59848,
656,170,0.3,0.3,0.988814,0.422537,1.59848,
657,171,0.3,0.3,0.988733,0.425483,1.59848,
658,172,0.3,0.3,0.988651,0.428428,1.59848,
659,173,0.3,0.3,0.988567,0.431426,1.59889,
660,174,0.3,0.3,0.988484,0.434425,1.59848,
661,175,0.3,0.3,0.988402,0.43737,1.59848,
662,176,0.3,0.3,0.988318,0.440369,1.59889,
663,177,0.3,0.3,0.988235,0.443367,1.59848,
664,178,0.3,0.3,0.988154,0.446313,1.59848,
665,179,0.3,0.3,0.988069,0.449311,1.59889,
666,180,0.3,0.3,0.987986,0.452309,1.59848,
667,181,0.3,0.3,0.987905,0.455255,1.59848,
668,182,0.3,0.3,0.987823,0.458201,1.59848,
669,183,0.3,0.3,0.987739,0.461251,1.59848,
670,184,0.3,0.3,0.987657,0.464197,1.59848,
671,185,0.3,0.3,0.987575,0.467143,1.59848,
672,186,0.3,0.3,0.987491,0.470141,1.59889,
673,187,0.3,0.3,0.987408,0.473139,1.59848,
674,188,0.3,0.3,0.987327,0.476085,1.59848,
675,189,0.3,0.3,0.987242,0.479083,1.59889,
676,190,0.3,0.3,0.987159,0.482082,1.59848,
677,191,0.3,0.3,0.987078,0.485027,1.59848,
678,192,0.3,0.3,0.986993,0.488026,1.59889,
679,193,0.3,0.3,0.98691,0.491024,1.59848,
680,194,0.3,0.3,0.986829,0.493969,1.59848,
681,195,0.3,0.3,0.986747,0.496915,1.59848,
682,196,0.3,0.3,0.986663,0.499966,1.59848,
683,197,0.3,0.3,0.986581,0.502912,1.59848,
684,198,0.3,0.3,0.9865,0.505857,1.59848,
685,199,0.3,0.3,0.986415,0.508856,1.59889,
686,200,0.3,0.3,0.986332,0.511854,1.59848,
687,201,0.3,0.3,0.986251,0.5148,1.59848,
688,202,0.3,0.3,0.986166,0.517798,1.59889,
689,203,0.3,0.3,0.986083,0.520796,1.59848,
690,204,0.3,0.3,0.986002,0.523742,1.59848,
691,205,0.3,0.3,0.985918,0.52674,1.59889,
692,206,0.3,0.3,0.985835,0.529738,1.59848,
693,207,0.3,0.3,0.985753,0.532684,1.59848,
694,208,0.3,0.3,0.985671,0.53563,1.59848,
695,209,0.3,0.3,0.985587,0.538681,1.59848,
696,210,0.3,0.3,0.985505,0.541626,1.59848,
697,211,0.3,0.3,0.985424,0.544572,1.59848,
698,212,0.3,0.3,0.985339,0.54757,1.59889,
699,213,0.3,0.3,0.985256,0.550569,1.59848,
700,214,0.3,0.3,0.985175,0.553514,1.59848,
701,215,0.3,0.3,0.985091,0.556513,1.59889,
702,216,0.3,0.3,0.985008,0.559511,1.59848,
703,217,0.3,0.3,0.984926,0.562456,1.59848,
704,218,0.3,0.3,0.984842,0.565455,1.59889,
705,219,0.3,0.3,0.984759,0.568453,1.59848,
706,220,0.3,0.3,0.984677,0.571399,1.59848,
707,221,0.3,0.3,0.984595,0.574344,1.59848,
708,222,0.3,0.3,0.984511,0.577343,1.59889,
709,223,0.3,0.3,0.984428,0.580341,1.59848,
710,224,0.3,0.3,0.984347,0.583287,1.59848,
711,225,0.3,0.3,0.984262,0.586285,1.59889,
712,226,0.3,0.3,0.984179,0.589283,1.59848,
713,227,0.3,0.3,0.984098,0.592229,1.59848,
714,228,0.3,0.3,0.984013,0.595227,1.59889,
715,229,0.3,0.3,0.98393,0.598225,1.59848,
716,230,0.3,0.3,0.983849,0.601171,1.59848,
717,231,0.3,0.3,0.983767,0.604117,1.59848,
718,232,0.3,0.3,0.983683,0.607168,1.59848,
719,233,0.3,0.3,0.983601,0.610113,1.59848,
720,234,0.3,0.3,0.983434,0.616057,1.59889,
721,235,0.3,0.3,0.983351,0.619055,1.59848,
722,236,0.3,0.3,0.98327,0.622001,1.59848,
723,237,0.3,0.3,0.983103,0.627998,1.59848,
724,238,0.3,0.3,0.983022,0.630943,1.59848,
725,239,0.3,0.3,0.982938,0.633942,1.59889,
726,240,0.3,0.3,0.982855,0.63694,1.59848,
727,241,0.3,0.3,0.982773,0.639886,1.59848,
728,242,0.3,0.3,0.982691,0.642831,1.59848,
729,243,0.3,0.3,0.982607,0.645882,1.59848,
730,244,0.3,0.3,0.982525,0.648828,1.59848,
731,245,0.3,0.3,0.982444,0.651774,1.59848,
732,246,0.3,0.3,0.98236,0.654772,1.59889,
733,247,0.3,0.3,0.982277,0.65777,1.59848,
734,248,0.3,0.3,0.982195,0.660716,1.59848,
735,249,0.3,0.3,0.982111,0.663714,1.59889,
736,250,0.3,0.3,0.982028,0.666712,1.59848,
737,251,0.3,0.3,0.981946,0.669658,1.59848,
738,252,0.3,0.3,0.981862,0.672656,1.59889,
739,253,0.3,0.3,0.981779,0.675655,1.59848,
740,254,0.3,0.3,0.981697,0.6786,1.59848,
741,255,0.3,0.3,0.981616,0.681546,1.59848,
742,256,0.3,0.3,0.981531,0.684597,1.59848,
743,257,0.3,0.3,0.98145,0.687543,1.59848,
744,258,0.3,0.3,0.981368,0.690488,1.59848,
745,259,0.3,0.3,0.981202,0.696485,1.59848,
746,260,0.3,0.3,0.98112,0.69943,1.59848,
747,261,0.3,0.3,0.981036,0.702429,1.59889,
748,262,0.3,0.3,0.980953,0.705427,1.59848,
749,263,0.3,0.3,0.980871,0.708373,1.59848,
750,264,0.3,0.3,0.980787,0.711371,1.59889,
751,265,0.3,0.3,0.980704,0.714369,1.59848,
752,266,0.3,0.3,0.980623,0.717315,1.59848,
753,267,0.3,0.3,0.980541,0.720261,1.59848,
754,268,0.3,0.3,0.980456,0.723311,1.59848,
755,269,0.3,0.3,0.980375,0.726257,1.59848,
756,270,0.3,0.3,0.980293,0.729203,1.59848,
757,271,0.3,0.3,0.980209,0.732201,1.59889,
758,272,0.3,0.3,0.980126,0.735199,1.59848,
759,273,0.3,0.3,0.980044,0.738145,1.59848,
760,274,0.3,0.3,0.97996,0.741143,1.59889,
761,275,0.3,0.3,0.979877,0.744142,1.59848,
762,276,0.3,0.3,0.979796,0.747087,1.59848,
763,277,0.3,0.3,0.979711,0.750086,1.59889,
764,278,0.3,0.3,0.979628,0.753084,1.59848,
765,279,0.3,0.3,0.979547,0.75603,1.59848,
766,280,0.3,0.3,0.979465,0.758975,1.59848,
767,281,0.3,0.3,0.979381,0.761973,1.59889,
768,282,0.3,0.3,0.979298,0.764972,1.59848,
769,283,0.3,0.3,0.979216,0.767917,1.59848,
770,284,0.3,0.3,0.979132,0.770916,1.59889,
771,285,0.3,0.3,0.979049,0.773914,1.59848,
772,286,0.3,0.3,0.978967,0.77686,1.59848,
773,287,0.3,0.3,0.978883,0.779858,1.59889,
774,288,0.3,0.3,0.9788,0.782856,1.59848,
775,289,0.3,0.3,0.978718,0.785802,1.59848,
776,290,0.3,0.3,0.978637,0.788748,1.59848,
777,291,0.3,0.3,0.978552,0.791798,1.59848,
778,292,0.3,0.3,0.978471,0.794744,1.59848,
779,293,0.3,0.3,0.978389,0.79769,1.59848,
780,294,0.3,0.3,0.978305,0.800688,1.59889,
781,295,0.3,0.3,0.978222,0.803686,1.59848,
782,296,0.3,0.3,0.97814,0.806632,1.59848,
783,297,0.3,0.3,0.978056,0.80963,1.59889,
784,298,0.3,0.3,0.977973,0.812629,1.59848,
785,299,0.3,0.3,0.977891,0.815574,1.59848,
786,300,0.3,0.3,0.977807,0.818573,1.59889,
787,301,0.3,0.3,0.977724,0.821571,1.59848,
788,302,0.3,0.3,0.977643,0.824516,1.59848,
789,303,0.3,0.3,0.977561,0.827462,1.59848,
790,304,0.3,0.3,0.977477,0.830513,1.59848,
791,305,0.3,0.3,0.977395,0.833459,1.59848,
792,306,0.3,0.3,0.977313,0.836404,1.59848,
793,307,0.3,0.3,0.977229,0.839403,1.59889,
794,308,0.3,0.3,0.977146,0.842401,1.59848,
795,309,0.3,0.3,0.977064,0.845347,1.59848,
796,310,0.3,0.3,0.97698,0.848345,1.59889,
797,311,0.3,0.3,0.976897,0.851343,1.59848,
798,312,0.3,0.3,0.976816,0.854289,1.59848,
799,313,0.3,0.3,0.976731,0.857287,1.59889,
800,314,0.3,0.3,0.976648,0.860285,1.59848,
801,315,0.3,0.3,0.976567,0.863231,1.59848,
802,316,0.3,0.3,0.976485,0.866177,1.59848,
803,317,0.3,0.3,0.976401,0.869228,1.59848,
804,318,0.3,0.3,0.976319,0.872173,1.59848,
805,319,0.3,0.3,0.976238,0.875119,1.59848,
806,320,0.3,0.3,0.976153,0.878117,1.59889,
807,321,0.3,0.3,0.97607,0.881116,1.59848,
808,322,0.3,0.3,0.975989,0.884061,1.59848,
809,323,0.3,0.3,0.975904,0.88706,1.59889,
810,324,0.3,0.3,0.975821,0.890058,1.59848,
811,325,0.3,0.3,0.97574,0.893003,1.59848,
812,326,0.3,0.3,0.975656,0.896002,1.59889,
813,327,0.3,0.3,0.975572,0.899,1.59848,
814,328,0.3,0.3,0.975491,0.901946,1.59848,
815,329,0.3,0.3,0.975409,0.904891,1.59848,
816,330,0.3,0.3,0.975325,0.907942,1.59848,
817,331,0.3,0.3,0.975243,0.910888,1.59848,
818,332,0.3,0.3,0.975162,0.913834,1.59848,
819,333,0.3,0.3,0.975077,0.916832,1.59889,
820,334,0.3,0.3,0.974994,0.91983,1.59848,
821,335,0.3,0.3,0.974913,0.922776,1.59848,
822,336,0.3,0.3,0.974829,0.925774,1.59889,
823,337,0.3,0.3,0.974745,0.928772,1.59848,
824,338,0.3,0.3,0.974664,0.931718,1.59848,
825,339,0.3,0.3,0.97458,0.934716,1.59889,
826,340,0.3,0.3,0.974497,0.937715,1.59848,
827,341,0.3,0.3,0.974415,0.94066,1.59848,
828,342,0.3,0.3,0.974333,0.943606,1.59848,
829,343,0.3,0.3,0.974249,0.946604,1.59889,
830,344,0.3,0.3,0.974166,0.949603,1.59848,
831,345,0.3,0.3,0.974085,0.952548,1.59848,
832,346,0.3,0.3,0.974,0.955546,1.59889,
833,347,0.3,0.3,0.973917,0.958545,1.59848,
834,348,0.3,0.3,0.973836,0.96149,1.59848,
835,349,0.3,0.3,0.973751,0.964489,1.59889,
836,350,0.3,0.3,0.973668,0.967487,1.59848,
837,351,0.3,0.3,0.973587,0.970433,1.59848,
838,352,0.3,0.3,0.973505,0.973378,1.59848,
839,353,0.3,0.3,0.973421,0.976429,1.59848,
840,354,0.3,0.3,0.973339,0.979375,1.59848,
841,355,0.3,0.3,0.973258,0.982321,1.59848,
842,356,0.3,0.3,0.973173,0.985319,1.59889,
843,357,0.3,0.3,0.97309,0.988317,1.59848,
844,358,0.3,0.3,0.973009,0.991263,1.59848,
845,359,0.3,0.3,0.972924,0.994261,1.59889,
846,360,0.3,0.3,0.972841,0.997259,1.59848,
847,361,0.3,0.3,0.97276,1.00021,1.59848,
848,362,0,0,0.972676,1.0032,1.59889,
849,0,0,0,0.972593,1.0062,1.59848,
850,1,-0.005,0.005,0.972593,1.0062,1.59848,
851,2,-0.01,0.01,0.972593,1.0062,1.59848,
852,3,-0.015,0.015,0.972593,1.0062,1.59848,
853,4,-0.02,0.02,0.972591,1.00625,1.59889,
854,5,-0.025,0.025,0.972591,1.00625,1.5997,
855,6,-0.03,0.03,0.972591,1.00625,1.60132,
856,7,-0.035,0.035,0.972591,1.00625,1.60294,
857,8,-0.04,0.04,0.972591,1.00625,1.60537,
858,9,-0.045,0.045,0.972591,1.00625,1.60779,
859,10,-0.05,0.05,0.972593,1.0062,1.61063,
860,11,-0.055,0.055,0.972593,1.0062,1.61387,
861,12,-0.06,0.06,0.972593,1.0062,1.6171,
862,13,-0.065,0.065,0.972593,1.0062,1.62115,
863,14,-0.07,0.07,0.972593,1.0062,1.6252,
864,15,-0.075,0.075,0.97259,1.00625,1.62965,
865,16,-0.08,0.08,0.97259,1.00625,1.63451,
866,17,-0.085,0.085,0.97259,1.00625,1.64018,
867,18,-0.09,0.09,0.972594,1.0062,1.64625,
868,19,-0.095,0.095,0.972594,1.0062,1.65273,
869,20,-0.1,0.1,0.972594,1.0062,1.66001,
870,21,-0.105,0.105,0.972589,1.00625,1.66689,
871,22,-0.11,0.11,0.972589,1.00625,1.67499,
872,23,-0.115,0.115,0.972595,1.0062,1.68268,
873,24,-0.12,0.12,0.972595,1.0062,1.69158,
874,25,-0.125,0.125,0.972588,1.00625,1.70008,
875,26,-0.13,0.13,0.972595,1.0062,1.70939,
876,27,-0.135,0.135,0.972595,1.0062,1.71911,
877,28,-0.14,0.14,0.972587,1.00625,1.72923,
878,29,-0.145,0.145,0.972587,1.00625,1.73975,
879,30,-0.15,0.15,0.972596,1.0062,1.75068,
880,31,-0.155,0.155,0.972586,1.00625,1.76161,
881,32,-0.16,0.16,0.972586,1.00625,1.77376,
882,33,-0.165,0.165,0.972598,1.0062,1.78549,
883,34,-0.17,0.17,0.972586,1.00625,1.79804,
884,35,-0.175,0.175,0.972598,1.0062,1.81059,
885,36,-0.18,0.18,0.972598,1.0062,1.82435,
886,37,-0.185,0.185,0.972584,1.00625,1.83771,
887,38,-0.19,0.19,0.972599,1.0062,1.85188,
888,39,-0.195,0.195,0.972584,1.00625,1.86605,
889,40,-0.2,0.2,0.9726,1.0062,1.88102,
890,41,-0.205,0.205,0.972583,1.00625,1.896,
891,42,-0.21,0.21,0.972601,1.0062,1.91179,
892,43,-0.215,0.215,0.972582,1.00625,1.92757,
893,44,-0.22,0.22,0.972601,1.0062,1.94417,
894,45,-0.225,0.225,0.972581,1.00625,1.96076,
895,46,-0.23,0.23,0.972602,1.0062,1.97817,
896,47,-0.235,0.235,0.972581,1.00625,1.99558,
897,48,-0.24,0.24,0.972603,1.0062,2.01379,
898,49,-0.245,0.245,0.97258,1.00625,2.03201,
899,50,-0.25,0.25,0.972604,1.0062,2.05103,
900,51,-0.255,0.255,0.972579,1.00625,2.07006,
901,52,-0.26,0.26,0.972605,1.00621,2.08989,
902,53,-0.265,0.265,0.972605,1.00621,2.10932,
903,54,-0.27,0.27,0.972577,1.00625,2.12996,
904,55,-0.275,0.275,0.972606,1.00621,2.15061,
905,56,-0.28,0.28,0.972576,1.00625,2.17206,
906,57,-0.285,0.285,0.972576,1.00625,2.19311,
907,58,-0.29,0.29,0.972608,1.00621,2.21537,
908,59,-0.295,0.295,0.972575,1.00625,2.23764,
909,60,-0.3,0.3,0.972575,1.00625,2.2603,
910,61,-0.3,0.3,0.97261,1.00621,2.28338,
911,62,-0.3,0.3,0.97261,1.00621,2.30604,
912,63,-0.3,0.3,0.972573,1.00625,2.32912,
913,64,-0.3,0.3,0.97261,1.00621,2.35219,
914,65,-0.3,0.3,0.97261,1.00621,2.37486,
915,66,-0.3,0.3,0.972572,1.00625,2.39793,
916,67,-0.3,0.3,0.972572,1.00625,2.4206,
917,68,-0.3,0.3,0.972612,1.00621,2.44367,
918,69,-0.3,0.3,0.972571,1.00624,2.46674,
919,70,-0.3,0.3,0.972571,1.00624,2.48941,
920,71,-0.3,0.3,0.972613,1.00621,2.51248,
921,72,-0.3,0.3,0.97257,1.00624,2.53556,
922,73,-0.3,0.3,0.97257,1.00624,2.55822,
923,74,-0.3,0.3,0.972615,1.00622,2.5813,
924,75,-0.3,0.3,0.972615,1.00622,2.60396,
925,76,-0.3,0.3,0.972569,1.00624,2.62704,
926,77,-0.3,0.3,0.972615,1.00622,2.65011,
927,78,-0.3,0.3,0.972615,1.00622,2.67278,
928,79,-0.3,0.3,0.972567,1.00624,2.71852,
929,80,-0.3,0.3,0.972616,1.00622,2.74159,
930,81,-0.3,0.3,0.972567,1.00624,2.76466,
931,82,-0.3,0.3,0.972567,1.00624,2.78733,
932,83,-0.3,0.3,0.972617,1.00622,2.8104,
933,84,-0.3,0.3,0.972617,1.00622,2.83307,
934,85,-0.3,0.3,0.972566,1.00623,2.85614,
935,86,-0.3,0.3,0.972617,1.00622,2.87922,
936,87,-0.3,0.3,0.972617,1.00622,2.90188,
937,88,-0.3,0.3,0.972566,1.00623,2.92496,
938,89,-0.3,0.3,0.972617,1.00622,2.94803,
939,90,-0.3,0.3,0.972617,1.00622,2.9707,
940,91,-0.3,0.3,0.972565,1.00623,2.99377,
941,92,-0.3,0.3,0.972565,1.00623,3.01644,
942,93,-0.3,0.3,0.972618,1.00622,3.03951,
943,94,-0.3,0.3,0.972565,1.00623,3.06258,
944,95,-0.3,0.3,0.972565,1.00623,3.08525,
945,96,-0.289882,0.289882,0.972618,1.00623,3.10832,
946,97,-0.246899,0.246899,0.972618,1.00623,3.13099,
947,98,-0.195681,0.195681,0.972565,1.00623,3.15325,
948,99,-0.126602,0.126602,0.972618,1.00623,3.17228,
949,100,0,0,0.972565,1.00623,3.18725,
950,0,0,0,0.972618,1.00623,3.19656,
951,1,0.005,0.005,0.972618,1.00623,3.19656,
952,2,0.01,0.01,0.972618,1.00623,3.19656,
953,3,0.015,0.015,0.972618,1.00623,3.19656,
954,4,0.02,0.02,0.972565,1.00623,3.19697,
955,5,0.025,0.025,0.97246,1.00622,3.19697,
956,6,0.03,0.03,0.97225,1.00621,3.19697,
957,7,0.035,0.035,0.97204,1.0062,3.19697,
958,8,0.04,0.04,0.971724,1.00618,3.19697,
959,9,0.045,0.045,0.971409,1.00616,3.19697,
960,10,0.05,0.05,0.970989,1.00614,3.19697,
961,11,0.055,0.055,0.970569,1.00611,3.19697,
962,12,0.06,0.06,0.970201,1.00609,3.19737,
963,13,0.065,0.065,0.969675,1.00606,3.19737,
964,14,0.07,0.07,0.96915,1.00604,3.19737,
965,15,0.075,0.075,0.96852,1.006,3.19737,
966,16,0.08,0.08,0.967942,1.00597,3.19697,
967,17,0.085,0.085,0.967206,1.00593,3.19697,
968,18,0.09,0.09,0.966365,1.00588,3.19697,
969,19,0.095,0.095,0.965577,1.00584,3.19737,
970,20,0.1,0.1,0.963738,1.00573,3.19697,
971,21,0.105,0.105,0.962793,1.00568,3.19697,
972,22,0.11,0.11,0.961794,1.00563,3.19737,
973,23,0.115,0.115,0.960744,1.00557,3.19737,
974,24,0.12,0.12,0.95964,1.00551,3.19697,
975,25,0.125,0.125,0.958484,1.00544,3.19697,
976,26,0.13,0.13,0.957276,1.00538,3.19737,
977,27,0.135,0.135,0.956015,1.0053,3.19737,
978,28,0.14,0.14,0.954701,1.00523,3.19697,
979,29,0.145,0.145,0.953335,1.00516,3.19697,
980,30,0.15,0.15,0.951917,1.00508,3.19737,
981,31,0.155,0.155,0.950498,1.005,3.19697,
982,32,0.16,0.16,0.948974,1.00491,3.19737,
983,33,0.165,0.165,0.947398,1.00483,3.19737,
984,34,0.17,0.17,0.945769,1.00474,3.19697,
985,35,0.175,0.175,0.944141,1.00464,3.19737,
986,36,0.18,0.18,0.942407,1.00455,3.19697,
987,37,0.185,0.185,0.94062,1.00445,3.19697,
988,38,0.19,0.19,0.938782,1.00435,3.19737,
989,39,0.195,0.195,0.936943,1.00424,3.19697,
990,40,0.2,0.2,0.934999,1.00414,3.19737,
991,41,0.205,0.205,0.933055,1.00403,3.19697,
992,42,0.21,0.21,0.931006,1.00391,3.19737,
993,43,0.215,0.215,0.928957,1.0038,3.19697,
994,44,0.22,0.22,0.926802,1.00368,3.19737,
995,45,0.225,0.225,0.924648,1.00356,3.19697,
996,46,0.23,0.23,0.922389,1.00343,3.19737,
997,47,0.235,0.235,0.92013,1.00331,3.19697,
998,48,0.24,0.24,0.917765,1.00318,3.19737,
999,49,0.245,0.245,0.915401,1.00305,3.19697,
1000,50,0.25,0.25,0.912932,1.00291,3.19737,
1001,51,0.255,0.255,0.910462,1.00277,3.19697,
1002,52,0.26,0.26,0.90794,1.00263,3.19697,
1003,53,0.265,0.265,0.905366,1.00249,3.19737,
1004,54,0.27,0.27,0.902686,1.00234,3.19697,
1005,55,0.275,0.275,0.900007,1.00219,3.19737,
1006,56,0.28,0.28,0.897275,1.00204,3.19737,
1007,57,0.285,0.285,0.89449,1.00188,3.19697,
1008,58,0.29,0.29,0.8916,1.00172,3.19737,
1009,59,0.295,0.295,0.888763,1.00156,3.19737,
1010,60,0.3,0.3,0.885768,1.0014,3.19697,
1011,61,0.3,0.3,0.882774,1.00123,3.19737,
1012,62,0.3,0.3,0.879831,1.00107,3.19737,
1013,63,0.3,0.3,0.876836,1.0009,3.19697,
1014,64,0.3,0.3,0.873894,1.00074,3.19697,
1015,65,0.3,0.3,0.870899,1.00057,3.19737,
1016,66,0.3,0.3,0.867905,1.0004,3.19697,
1017,67,0.3,0.3,0.864962,1.00024,3.19697,
1018,68,0.3,0.3,0.861968,1.00007,3.19737,
1019,69,0.3,0.3,0.858973,0.999907,3.19697,
1020,70,0.3,0.3,0.85603,0.999743,3.19697,
1021,71,0.3,0.3,0.853036,0.999576,3.19737,
1022,72,0.3,0.3,0.850093,0.999412,3.19737,
1023,73,0.3,0.3,0.847099,0.999246,3.19697,
1024,74,0.3,0.3,0.844104,0.999079,3.19737,
1025,75,0.3,0.3,0.841162,0.998914,3.19737,
1026,76,0.3,0.3,0.838167,0.998748,3.19697,
1027,77,0.3,0.3,0.835224,0.998585,3.19697,
1028,78,0.3,0.3,0.83223,0.998418,3.19737,
1029,79,0.3,0.3,0.829235,0.998252,3.19697,
1030,80,0.3,0.3,0.826292,0.998089,3.19697,
1031,81,0.3,0.3,0.823298,0.997922,3.19737,
1032,82,0.3,0.3,0.820355,0.997757,3.19737,
1033,83,0.3,0.3,0.817361,0.997591,3.19697,
1034,84,0.3,0.3,0.814366,0.997424,3.19737,
1035,85,0.3,0.3,0.811424,0.99726,3.19737,
1036,86,0.3,0.3,0.808429,0.997094,3.19697,
1037,87,0.3,0.3,0.805434,0.996927,3.19737,
1038,88,0.3,0.3,0.802492,0.996762,3.19737,
1039,89,0.3,0.3,0.799497,0.996596,3.19697,
1040,90,0.3,0.3,0.796555,0.996433,3.19697,
1041,91,0.3,0.3,0.79356,0.996266,3.19737,
1042,92,0.3,0.3,0.790565,0.9961,3.19697,
1043,93,0.3,0.3,0.787623,0.995937,3.19697,
1044,94,0.3,0.3,0.784628,0.99577,3.19737,
1045,95,0.3,0.3,0.781686,0.995605,3.19737,
1046,96,0.3,0.3,0.778691,0.995439,3.19697,
1047,97,0.3,0.3,0.775696,0.995272,3.19737,
1048,98,0.3,0.3,0.772754,0.995108,3.19737,
1049,99,0.3,0.3,0.769759,0.994942,3.19697,
1050,100,0.3,0.3,0.766817,0.994779,3.19697,
1051,101,0.3,0.3,0.763822,0.994611,3.19737,
1052,102,0.3,0.3,0.760827,0.994445,3.19697,
1053,103,0.3,0.3,0.757885,0.994282,3.19697,
1054,104,0.3,0.3,0.75489,0.994115,3.19737,
1055,105,0.3,0.3,0.751895,0.993949,3.19697,
1056,106,0.3,0.3,0.748953,0.993786,3.19697,
1057,107,0.3,0.3,0.745958,0.993619,3.19737,
1058,108,0.3,0.3,0.743016,0.993454,3.19737,
1059,109,0.3,0.3,0.740021,0.993288,3.19697,
1060,110,0.3,0.3,0.737026,0.993121,3.19737,
1061,111,0.3,0.3,0.734084,0.992957,3.19737,
1062,112,0.3,0.3,0.731089,0.992791,3.19697,
1063,113,0.3,0.3,0.728147,0.992628,3.19697,
1064,114,0.3,0.3,0.725152,0.992461,3.19737,
1065,115,0.3,0.3,0.722157,0.992295,3.19697,
1066,116,0.3,0.3,0.719215,0.992132,3.19697,
1067,117,0.3,0.3,0.71622,0.991964,3.19737,
1068,118,0.3,0.3,0.713226,0.991798,3.19697,
1069,119,0.3,0.3,0.710283,0.991635,3.19697,
1070,120,0.3,0.3,0.707288,0.991468,3.19737,
1071,121,0.3,0.3,0.704346,0.991304,3.19737,
1072,122,0.3,0.3,0.701351,0.991138,3.19697,
1073,123,0.3,0.3,0.698357,0.99097,3.19737,
1074,124,0.3,0.3,0.695414,0.990806,3.19737,
1075,125,0.3,0.3,0.69242,0.99064,3.19697,
1076,126,0.3,0.3,0.689477,0.990477,3.19697,
1077,127,0.3,0.3,0.686482,0.99031,3.19737,
1078,128,0.3,0.3,0.683488,0.990144,3.19697,
1079,129,0.3,0.3,0.680545,0.989981,3.19697,
1080,130,0.3,0.3,0.677551,0.989813,3.19737,
1081,131,0.3,0.3,0.674556,0.989647,3.19697,
1082,132,0.3,0.3,0.671613,0.989484,3.19697,
1083,133,0.3,0.3,0.668619,0.989317,3.19737,
1084,134,0.3,0.3,0.665676,0.989153,3.19737,
1085,135,0.3,0.3,0.662682,0.988987,3.19697,
1086,136,0.3,0.3,0.659687,0.98882,3.19737,
1087,137,0.3,0.3,0.656745,0.988655,3.19737,
1088,138,0.3,0.3,0.65375,0.988489,3.19697,
1089,139,0.3,0.3,0.650807,0.988326,3.19697,
1090,140,0.3,0.3,0.647813,0.988159,3.19737,
1091,141,0.3,0.3,0.644818,0.987993,3.19697,
1092,142,0.3,0.3,0.641876,0.98783,3.19697,
1093,143,0.3,0.3,0.638881,0.987663,3.19737,
1094,144,0.3,0.3,0.635939,0.987498,3.19737,
1095,145,0.3,0.3,0.632944,0.987332,3.19697,
1096,146,0.3,0.3,0.629949,0.987165,3.19737,
1097,147,0.3,0.3,0.627007,0.987001,3.19737,
1098,148,0.3,0.3,0.624012,0.986835,3.19697,
1099,149,0.3,0.3,0.621017,0.986668,3.19737,
1100,150,0.3,0.3,0.618075,0.986503,3.19737,
1101,151,0.3,0.3,0.61508,0.986337,3.19697,
1102,152,0.3,0.3,0.612138,0.986174,3.19697,
1103,153,0.3,0.3,0.609143,0.986007,3.19737,
1104,154,0.3,0.3,0.606148,0.985841,3.19697,
1105,155,0.3,0.3,0.603206,0.985678,3.19697,
1106,156,0.3,0.3,0.600211,0.985511,3.19737,
1107,157,0.3,0.3,0.597269,0.985346,3.19737,
1108,158,0.3,0.3,0.594274,0.98518,3.19697,
1109,159,0.3,0.3,0.591279,0.985013,3.19737,
1110,160,0.3,0.3,0.588337,0.984849,3.19737,
1111,161,0.3,0.3,0.585342,0.984683,3.19697,
1112,162,0.3,0.3,0.5824,0.98452,3.19697,
1113,163,0.3,0.3,0.579405,0.984352,3.19737,
1114,164,0.3,0.3,0.57641,0.984186,3.19697,
1115,165,0.3,0.3,0.573468,0.984023,3.19697,
1116,166,0.3,0.3,0.570473,0.983856,3.19737,
1117,167,0.3,0.3,0.567478,0.98369,3.19697,
1118,168,0.3,0.3,0.564536,0.983527,3.19697,
1119,169,0.3,0.3,0.561541,0.98336,3.19737,
1120,170,0.3,0.3,0.558599,0.983195,3.19737,
1121,171,0.3,0.3,0.555604,0.983029,3.19697,
1122,172,0.3,0.3,0.552609,0.982862,3.19737,
1123,173,0.3,0.3,0.549667,0.982698,3.19737,
1124,174,0.3,0.3,0.546672,0.982532,3.19697,
1125,175,0.3,0.3,0.54373,0.982369,3.19697,
1126,176,0.3,0.3,0.540735,0.982202,3.19737,
1127,177,0.3,0.3,0.53774,0.982036,3.19697,
1128,178,0.3,0.3,0.534798,0.981872,3.19697,
1129,179,0.3,0.3,0.531803,0.981705,3.19737,
1130,180,0.3,0.3,0.528809,0.981539,3.19697,
1131,181,0.3,0.3,0.525866,0.981376,3.19697,
1132,182,0.3,0.3,0.522871,0.981209,3.19737,
1133,183,0.3,0.3,0.519929,0.981045,3.19737,
1134,184,0.3,0.3,0.516934,0.980879,3.19697,
1135,185,0.3,0.3,0.51394,0.980711,3.19737,
1136,186,0.3,0.3,0.510997,0.980547,3.19737,
1137,187,0.3,0.3,0.508003,0.980381,3.19697,
1138,188,0.3,0.3,0.50506,0.980218,3.19697,
1139,189,0.3,0.3,0.502066,0.980051,3.19737,
1140,190,0.3,0.3,0.499071,0.979885,3.19697,
1141,191,0.3,0.3,0.496128,0.979722,3.19697,
1142,192,0.3,0.3,0.493134,0.979554,3.19737,
1143,193,0.3,0.3,0.490139,0.979388,3.19697,
1144,194,0.3,0.3,0.487196,0.979225,3.19697,
1145,195,0.3,0.3,0.484202,0.979058,3.19737,
1146,196,0.3,0.3,0.481259,0.978894,3.19737,
1147,197,0.3,0.3,0.47527,0.978559,3.19737,
1148,198,0.3,0.3,0.472328,0.978395,3.19737,
1149,199,0.3,0.3,0.469333,0.978229,3.19697,
1150,200,0.3,0.3,0.466391,0.978066,3.19697,
1151,201,0.3,0.3,0.463396,0.977899,3.19737,
1152,202,0.3,0.3,0.460401,0.977733,3.19697,
1153,203,0.3,0.3,0.457459,0.97757,3.19697,
1154,204,0.3,0.3,0.454464,0.977402,3.19737,
1155,205,0.3,0.3,0.451522,0.977238,3.19737,
1156,206,0.3,0.3,0.448527,0.977072,3.19697,
1157,207,0.3,0.3,0.445532,0.976905,3.19737,
1158,208,0.3,0.3,0.44259,0.97674,3.19737,
1159,209,0.3,0.3,0.439595,0.976574,3.19697,
1160,210,0.3,0.3,0.4366,0.976407,3.19737,
1161,211,0.3,0.3,0.433658,0.976243,3.19737,
1162,212,0.3,0.3,0.430663,0.976077,3.19697,
1163,213,0.3,0.3,0.427721,0.975914,3.19697,
1164,214,0.3,0.3,0.424726,0.975747,3.19737,
1165,215,0.3,0.3,0.421731,0.975581,3.19697,
1166,216,0.3,0.3,0.418789,0.975417,3.19697,
1167,217,0.3,0.3,0.415794,0.97525,3.19737,
1168,218,0.3,0.3,0.412852,0.975086,3.19737,
1169,219,0.3,0.3,0.409857,0.97492,3.19697,
1170,220,0.3,0.3,0.406862,0.974753,3.19737,
1171,221,0.3,0.3,0.40392,0.974588,3.19737,
1172,222,0.3,0.3,0.400925,0.974422,3.19697,
1173,223,0.3,0.3,0.397983,0.974259,3.19697,
1174,224,0.3,0.3,0.394988,0.974092,3.19737,
1175,225,0.3,0.3,0.391993,0.973926,3.19697,
1176,226,0.3,0.3,0.389051,0.973763,3.19697,
1177,227,0.3,0.3,0.386056,0.973596,3.19737,
1178,228,0.3,0.3,0.383061,0.97343,3.19697,
1179,229,0.3,0.3,0.380119,0.973267,3.19697,
1180,230,0.3,0.3,0.377124,0.973099,3.19737,
1181,231,0.3,0.3,0.374182,0.972935,3.19737,
1182,232,0.3,0.3,0.371187,0.972769,3.19697,
1183,233,0.3,0.3,0.368193,0.972602,3.19737,
1184,234,0.3,0.3,0.36525,0.972438,3.19737,
1185,235,0.3,0.3,0.362255,0.972272,3.19697,
1186,236,0.3,0.3,0.359313,0.972108,3.19697,
1187,237,0.3,0.3,0.356318,0.971941,3.19737,
1188,238,0.3,0.3,0.350381,0.971612,3.19697,
1189,239,0.3,0.3,0.347387,0.971445,3.19737,
1190,240,0.3,0.3,0.344392,0.971279,3.19697,
1191,241,0.3,0.3,0.341449,0.971116,3.19697,
1192,242,0.3,0.3,0.338455,0.970949,3.19737,
1193,243,0.3,0.3,0.335512,0.970784,3.19737,
1194,244,0.3,0.3,0.332518,0.970618,3.19697,
1195,245,0.3,0.3,0.329523,0.970451,3.19737,
1196,246,0.3,0.3,0.326581,0.970287,3.19737,
1197,247,0.3,0.3,0.323586,0.970121,3.19697,
1198,248,0.3,0.3,0.320643,0.969958,3.19697,
1199,249,0.3,0.3,0.317649,0.96979,3.19737,
1200,250,0.3,0.3,0.314654,0.969624,3.19697,
1201,251,0.3,0.3,0.311712,0.969461,3.19697,
1202,252,0.3,0.3,0.308717,0.969294,3.19737,
1203,253,0.3,0.3,0.305722,0.969128,3.19697,
1204,254,0.3,0.3,0.30278,0.968965,3.19697,
1205,255,0.3,0.3,0.299785,0.968798,3.19737,
1206,256,0.3,0.3,0.296843,0.968633,3.19737,
1207,257,0.3,0.3,0.293848,0.968467,3.19697,
1208,258,0.3,0.3,0.290853,0.9683,3.19737,
1209,259,0.3,0.3,0.287911,0.968136,3.19737,
1210,260,0.3,0.3,0.284916,0.96797,3.19697,
1211,261,0.3,0.3,0.281974,0.967807,3.19697,
1212,262,0.3,0.3,0.278979,0.96764,3.19737,
1213,263,0.3,0.3,0.275984,0.967474,3.19697,
1214,264,0.3,0.3,0.273042,0.96731,3.19697,
1215,265,0.3,0.3,0.270047,0.967143,3.19737,
1216,266,0.3,0.3,0.267105,0.966979,3.19737,
1217,267,0.3,0.3,0.26411,0.966813,3.19697,
1218,268,0.3,0.3,0.261115,0.966646,3.19737,
1219,269,0.3,0.3,0.258173,0.966481,3.19737,
1220,270,0.3,0.3,0.255178,0.966315,3.19697,
1221,271,0.3,0.3,0.252183,0.966148,3.19737,
1222,272,0.3,0.3,0.249241,0.965984,3.19737,
1223,273,0.3,0.3,0.246246,0.965818,3.19697,
1224,274,0.3,0.3,0.243304,0.965655,3.19697,
1225,275,0.3,0.3,0.240309,0.965488,3.19737,
1226,276,0.3,0.3,0.237314,0.965322,3.19697,
1227,277,0.3,0.3,0.234372,0.965158,3.19697,
1228,278,0.3,0.3,0.231377,0.964991,3.19737,
1229,279,0.3,0.3,0.228435,0.964827,3.19737,
1230,280,0.3,0.3,0.22544,0.964661,3.19697,
1231,281,0.3,0.3,0.222445,0.964494,3.19737,
1232,282,0.3,0.3,0.219503,0.964329,3.19737,
1233,283,0.3,0.3,0.216508,0.964163,3.19697,
1234,284,0.3,0.3,0.213566,0.964,3.19697,
1235,285,0.3,0.3,0.210571,0.963833,3.19737,
1236,286,0.3,0.3,0.207576,0.963667,3.19697,
1237,287,0.3,0.3,0.204634,0.963504,3.19697,
1238,288,0.3,0.3,0.201639,0.963337,3.19737,
1239,289,0.3,0.3,0.198645,0.963171,3.19697,
1240,290,0.3,0.3,0.195702,0.963008,3.19697,
1241,291,0.3,0.3,0.192707,0.96284,3.19737,
1242,292,0.3,0.3,0.189765,0.962676,3.19737,
1243,293,0.3,0.3,0.18677,0.96251,3.19697,
1244,294,0.3,0.3,0.183776,0.962343,3.19737,
1245,295,0.3,0.3,0.180833,0.962179,3.19737,
1246,296,0.3,0.3,0.177839,0.962012,3.19697,
1247,297,0.3,0.3,0.174896,0.961849,3.19697,
1248,298,0.3,0.3,0.171901,0.961682,3.19737,
1249,299,0.3,0.3,0.168907,0.961516,3.19697,
1250,300,0.3,0.3,0.165964,0.961353,3.19697,
1251,301,0.3,0.3,0.16297,0.961186,3.19737,
1252,302,0.3,0.3,0.159975,0.96102,3.19697,
1253,303,0.3,0.3,0.157032,0.960857,3.19697,
1254,304,0.3,0.3,0.154038,0.960689,3.19737,
1255,305,0.3,0.3,0.151095,0.960525,3.19737,
1256,306,0.3,0.3,0.148101,0.960359,3.19697,
1257,307,0.3,0.3,0.145106,0.960192,3.19737,
1258,308,0.3,0.3,0.142164,0.960028,3.19737,
1259,309,0.3,0.3,0.139169,0.959862,3.19697,
1260,310,0.3,0.3,0.136226,0.959699,3.19697,
1261,311,0.3,0.3,0.133232,0.959531,3.19737,
1262,312,0.3,0.3,0.130237,0.959365,3.19697,
1263,313,0.3,0.3,0.127295,0.959202,3.19697,
1264,314,0.3,0.3,0.1243,0.959035,3.19737,
1265,315,0.3,0.3,0.121305,0.958869,3.19697,
1266,316,0.3,0.3,0.118363,0.958706,3.19697,
1267,317,0.3,0.3,0.115368,0.958539,3.19737,
1268,318,0.3,0.3,0.112426,0.958374,3.19737,
1269,319,0.3,0.3,0.109431,0.958208,3.19697,
1270,320,0.3,0.3,0.106436,0.958041,3.19737,
1271,321,0.3,0.3,0.103494,0.957877,3.19737,
1272,322,0.3,0.3,0.100499,0.957711,3.19697,
1273,323,0.3,0.3,0.0975567,0.957548,3.19697,
1274,324,0.3,0.3,0.0945619,0.95738,3.19737,
1275,325,0.3,0.3,0.0915671,0.957214,3.19697,
1276,326,0.3,0.3,0.0886248,0.957051,3.19697,
1277,327,0.3,0.3,0.08563,0.956884,3.19737,
1278,328,0.3,0.3,0.0826878,0.95672,3.19737,
1279,329,0.3,0.3,0.0796929,0.956554,3.19697,
1280,330,0.3,0.3,0.0766982,0.956387,3.19737,
1281,331,0.3,0.3,0.0737559,0.956222,3.19737,
1282,332,0.3,0.3,0.0707611,0.956056,3.19697,
1283,333,0.3,0.3,0.0677663,0.955889,3.19737,
1284,334,0.3,0.3,0.0648241,0.955725,3.19737,
1285,335,0.3,0.3,0.0618293,0.955559,3.19697,
1286,336,0.3,0.3,0.058887,0.955396,3.19697,
1287,337,0.3,0.3,0.0558922,0.955228,3.19737,
1288,338,0.3,0.3,0.0528974,0.955062,3.19697,
1289,339,0.3,0.3,0.0499551,0.954899,3.19697,
1290,340,0.3,0.3,0.0469603,0.954732,3.19737,
1291,341,0.3,0.3,0.0440181,0.954568,3.19737,
1292,342,0.3,0.3,0.0410232,0.954402,3.19697,
1293,343,0.3,0.3,0.0380284,0.954235,3.19737,
1294,344,0.3,0.3,0.0350862,0.95407,3.19737,
1295,345,0.3,0.3,0.0320914,0.953904,3.19697,
1296,346,0.3,0.3,0.0291491,0.953741,3.19697,
1297,347,0.3,0.3,0.0261543,0.953574,3.19737,
1298,348,0.3,0.3,0.0231595,0.953408,3.19697,
1299,349,0.3,0.3,0.0202172,0.953245,3.19697,
1300,350,0.3,0.3,0.0172224,0.953078,3.19737,
1301,351,0.3,0.3,0.0142276,0.952912,3.19697,
1302,352,0.3,0.3,0.0112853,0.952748,3.19697,
1303,353,0.3,0.3,0.0082905,0.952581,3.19737,
1304,354,0.3,0.3,0.00534827,0.952417,3.19737,
1305,355,0.3,0.3,0.00235344,0.952251,3.19697,
1306,356,0.3,0.3,-0.000641335,0.952084,3.19737,
1307,357,0.3,0.3,-0.00358357,0.951919,3.19737,
1308,358,0.3,0.3,-0.0065784,0.951753,3.19697,
1309,359,0.3,0.3,-0.0095207,0.95159,3.19697,
1310,360,0.3,0.3,-0.0125155,0.951423,3.19737,
1311,361,0.3,0.3,-0.0155103,0.951257,3.19697,
1312,362,0.3,0.3,-0.0184526,0.951094,3.19697,
1313,363,0.3,0.3,-0.0214474,0.950927,3.19737,
1314,364,0.3,0.3,-0.0244422,0.950761,3.19697,
1315,365,0.3,0.3,-0.0273845,0.950598,3.19697,
1316,366,0,0,-0.0303793,0.95043,3.19737,
1317,0,0,0,-0.0333215,0.950266,3.19737,
1318,1,-0.005,0.005,-0.0333215,0.950266,3.19737,
1319,2,-0.01,0.01,-0.0333215,0.950266,3.19737,
1320,3,-0.015,0.015,-0.0333215,0.950266,3.19737,
1321,4,-0.02,0.02,-0.033374,0.950263,3.19778,
1322,5,-0.025,0.025,-0.033374,0.950263,3.19859,
1323,6,-0.03,0.03,-0.0334266,0.95026,3.1998,
1324,7,-0.035,0.035,-0.0334266,0.95026,3.20142,
1325,8,-0.04,0.04,-0.0334266,0.95026,3.20385,
1326,9,-0.045,0.045,-0.0334266,0.95026,3.20628,
1327,10,-0.05,0.05,-0.0334266,0.95026,3.20952,
1328,11,-0.055,0.055,-0.0333741,0.950264,3.21235,
1329,12,-0.06,0.06,-0.0333741,0.950264,3.21559,
1330,13,-0.065,0.065,-0.0333741,0.950264,3.21964,
1331,14,-0.07,0.07,-0.0333741,0.950264,3.22368,
1332,15,-0.075,0.075,-0.0333741,0.950264,3.22854,
1333,16,-0.08,0.08,-0.0334265,0.950259,3.23299,
1334,17,-0.085,0.085,-0.0334265,0.950259,3.23866,
1335,18,-0.09,0.09,-0.0333742,0.950264,3.24473,
1336,19,-0.095,0.095,-0.0333742,0.950264,3.25121,
1337,20,-0.1,0.1,-0.0333742,0.950264,3.2585,
1338,21,-0.105,0.105,-0.0334264,0.950258,3.26538,
1339,22,-0.11,0.11,-0.0334264,0.950258,3.27347,
1340,23,-0.115,0.115,-0.0333743,0.950265,3.28116,
1341,24,-0.12,0.12,-0.0333743,0.950265,3.29007,
1342,25,-0.125,0.125,-0.0334262,0.950257,3.29857,
1343,26,-0.13,0.13,-0.0334262,0.950257,3.30828,
1344,27,-0.135,0.135,-0.0333744,0.950266,3.31759,
1345,28,-0.14,0.14,-0.0333744,0.950266,3.32812,
1346,29,-0.145,0.145,-0.033426,0.950256,3.33824,
1347,30,-0.15,0.15,-0.0333745,0.950267,3.34917,
1348,31,-0.155,0.155,-0.0333745,0.950267,3.3605,
1349,32,-0.16,0.16,-0.0333745,0.950267,3.38398,
1350,33,-0.165,0.165,-0.0333745,0.950267,3.39612,
1351,34,-0.17,0.17,-0.0334253,0.950253,3.40867,
1352,35,-0.175,0.175,-0.0333747,0.950267,3.42122,
1353,36,-0.18,0.18,-0.0334251,0.950252,3.43458,
1354,37,-0.185,0.185,-0.0333749,0.950268,3.44793,
1355,38,-0.19,0.19,-0.0333749,0.950268,3.46251,
1356,39,-0.195,0.195,-0.0333749,0.950268,3.47627,
1357,40,-0.2,0.2,-0.0333749,0.950268,3.49165,
1358,41,-0.205,0.205,-0.0333749,0.950268,3.52241,
1359,42,-0.21,0.21,-0.0334235,0.950248,3.5382,
1360,43,-0.215,0.215,-0.0334235,0.950248,3.57058,
1361,44,-0.22,0.22,-0.033376,0.95027,3.58718,
1362,45,-0.225,0.225,-0.0334231,0.950247,3.60378,
1363,46,-0.23,0.23,-0.0333764,0.950271,3.62118,
1364,47,-0.235,0.235,-0.0334227,0.950246,3.63859,
1365,48,-0.24,0.24,-0.0333769,0.950272,3.6568,
1366,49,-0.245,0.245,-0.0333769,0.950272,3.67461,
1367,50,-0.25,0.25,-0.0333769,0.950272,3.69404,
1368,51,-0.255,0.255,-0.0333769,0.950272,3.71266,
1369,52,-0.26,0.26,-0.0334206,0.950243,3.7325,
1370,53,-0.265,0.265,-0.0333775,0.950273,3.75233,
1371,54,-0.27,0.27,-0.0334199,0.950242,3.77297,
1372,55,-0.275,0.275,-0.0334199,0.950242,3.79321,
1373,56,-0.28,0.28,-0.0333788,0.950275,3.81467,
1374,57,-0.285,0.285,-0.0334192,0.950241,3.83612,
1375,58,-0.29,0.29,-0.0333795,0.950276,3.85838,
1376,59,-0.295,0.295,-0.0333795,0.950276,3.88024,
1377,60,-0.3,0.3,-0.0334176,0.950239,3.90331,
1378,61,-0.3,0.3,-0.0334176,0.950239,3.92598,
1379,62,-0.3,0.3,-0.0333812,0.950277,3.94905,
1380,63,-0.3,0.3,-0.0333812,0.950277,3.97172,
1381,64,-0.3,0.3,-0.0334158,0.950238,3.99479,
1382,65,-0.3,0.3,-0.0333822,0.950278,4.01787,
1383,66,-0.3,0.3,-0.0333822,0.950278,4.04054,
1384,67,-0.3,0.3,-0.033414,0.950236,4.06361,
1385,68,-0.3,0.3,-0.0333831,0.950279,4.08668,
1386,69,-0.3,0.3,-0.0333831,0.950279,4.10935,
1387,70,-0.3,0.3,-0.033412,0.950235,4.13242,
1388,71,-0.3,0.3,-0.0333842,0.950279,4.15549,
1389,72,-0.3,0.3,-0.0333842,0.950279,4.17816,
1390,73,-0.3,0.3,-0.0334099,0.950234,4.20123,
1391,74,-0.3,0.3,-0.0334099,0.950234,4.2239,
1392,75,-0.3,0.3,-0.0333863,0.950281,4.24697,
1393,76,-0.3,0.3,-0.0333863,0.950281,4.26964,
1394,77,-0.3,0.3,-0.0334077,0.950233,4.29271,
1395,78,-0.3,0.3,-0.0333874,0.950281,4.31579,
1396,79,-0.3,0.3,-0.0333874,0.950281,4.33845,
1397,80,-0.3,0.3,-0.0334055,0.950232,4.36153,
1398,81,-0.3,0.3,-0.0333886,0.950281,4.3846,
1399,82,-0.3,0.3,-0.0333886,0.950281,4.40727,
1400,83,-0.3,0.3,-0.0334032,0.950231,4.43034,
1401,84,-0.3,0.3,-0.0333897,0.950282,4.45341,
1402,85,-0.3,0.3,-0.0333897,0.950282,4.47608,
1403,86,-0.3,0.3,-0.0334009,0.95023,4.49915,
1404,87,-0.3,0.3,-0.0334009,0.95023,4.52182,
1405,88,-0.3,0.3,-0.0333921,0.950282,4.54489,
1406,89,-0.3,0.3,-0.0333921,0.950282,4.56756,
1407,90,-0.3,0.3,-0.0333985,0.95023,4.59063,
1408,91,-0.3,0.3,-0.0333933,0.950282,4.61371,
1409,92,-0.3,0.3,-0.0333933,0.950282,4.63637,
1410,93,-0.3,0.3,-0.0333961,0.95023,4.65945,
1411,94,-0.3,0.3,-0.0333945,0.950282,4.68252,
1412,95,-0.292661,0.292661,-0.0333945,0.950282,4.70519,
1413,96,-0.250964,0.250964,-0.0333937,0.95023,4.72826,
1414,97,-0.199776,0.199776,-0.0333957,0.950282,4.75133,
1415,98,-0.12976,0.12976,-0.0333957,0.950282,4.77076,
1416,99,0,0,-0.0333919,0.95023,4.78574,
1417,0,0,0,-0.0333919,0.95023,4.79545,
1418,1,0.005,0.005,-0.0333919,0.95023,4.79545,
1419,2,0.01,0.01,-0.0333919,0.95023,4.79545,
1420,3,0.015,0.015,-0.0333919,0.95023,4.79545,
1421,4,0.02,0.02,-0.0333875,0.950178,4.79586,
1422,5,0.025,0.025,-0.0333787,0.950073,4.79586,
1423,6,0.03,0.03,-0.0333656,0.949915,4.79545,
1424,7,0.035,0.035,-0.0333481,0.949706,4.79545,
1425,8,0.04,0.04,-0.0333219,0.949391,4.79545,
1426,9,0.045,0.045,-0.0332957,0.949076,4.79545,
1427,10,0.05,0.05,-0.033265,0.948709,4.79586,
1428,11,0.055,0.055,-0.0332299,0.94829,4.79586,
1429,12,0.06,0.06,-0.0331948,0.94787,4.79586,
1430,13,0.065,0.065,-0.033151,0.947346,4.79586,
1431,14,0.07,0.07,-0.0331071,0.946821,4.79586,
1432,15,0.075,0.075,-0.0330544,0.946192,4.79586,
1433,16,0.08,0.08,-0.0330064,0.945615,4.79545,
1434,17,0.085,0.085,-0.0329453,0.944881,4.79545,
1435,18,0.09,0.09,-0.0328795,0.944095,4.79586,
1436,19,0.095,0.095,-0.0328093,0.943256,4.79586,
1437,20,0.1,0.1,-0.0327303,0.942312,4.79586,
1438,21,0.105,0.105,-0.0326561,0.94142,4.79545,
1439,22,0.11,0.11,-0.0325688,0.940371,4.79545,
1440,23,0.115,0.115,-0.0324854,0.939375,4.79586,
1441,24,0.12,0.12,-0.0323889,0.938221,4.79586,
1442,25,0.125,0.125,-0.0322972,0.93712,4.79545,
1443,26,0.13,0.13,-0.0321963,0.935914,4.79586,
1444,27,0.135,0.135,-0.032091,0.934656,4.79586,
1445,28,0.14,0.14,-0.031977,0.933292,4.79586,
1446,29,0.145,0.145,-0.0318678,0.931981,4.79545,
1447,30,0.15,0.15,-0.0317494,0.930565,4.79586,
1448,31,0.155,0.155,-0.0316265,0.929097,4.79586,
1449,32,0.16,0.16,-0.0314999,0.927576,4.79545,
1450,33,0.165,0.165,-0.0313727,0.926056,4.79586,
1451,34,0.17,0.17,-0.0312323,0.924378,4.79586,
1452,35,0.175,0.175,-0.0311007,0.922804,4.79586,
1453,36,0.18,0.18,-0.0309515,0.921021,4.79586,
1454,37,0.185,0.185,-0.0308074,0.919291,4.79545,
1455,38,0.19,0.19,-0.0306539,0.917456,4.79586,
1456,39,0.195,0.195,-0.0305011,0.91562,4.79545,
1457,40,0.2,0.2,-0.0303387,0.91368,4.79586,
1458,41,0.205,0.205,-0.030172,0.911687,4.79586,
1459,42,0.21,0.21,-0.0300053,0.909695,4.79586,
1460,43,0.215,0.215,-0.0298298,0.907597,4.79586,
1461,44,0.22,0.22,-0.0296543,0.9055,4.79586,
1462,45,0.225,0.225,-0.0294701,0.903297,4.79586,
1463,46,0.23,0.23,-0.0292858,0.901095,4.79586,
1464,47,0.235,0.235,-0.0290928,0.898787,4.79586,
1465,48,0.24,0.24,-0.0288997,0.89648,4.79586,
1466,49,0.245,0.245,-0.0287032,0.89412,4.79545,
1467,50,0.25,0.25,-0.028497,0.891656,4.79586,
1468,51,0.255,0.255,-0.0282918,0.889191,4.79545,
1469,52,0.26,0.26,-0.0280769,0.886622,4.79586,
1470,53,0.265,0.265,-0.0278663,0.884104,4.79586,
1471,54,0.27,0.27,-0.0276436,0.88143,4.79545,
1472,55,0.275,0.275,-0.0274199,0.878756,4.79586,
1473,56,0.28,0.28,-0.0271917,0.876029,4.79586,
1474,57,0.285,0.285,-0.0269548,0.873197,4.79586,
1475,58,0.29,0.29,-0.0267179,0.870366,4.79586,
1476,59,0.295,0.295,-0.026481,0.867534,4.79586,
1477,60,0.3,0.3,-0.0262266,0.864492,4.79586,
1478,61,0.3,0.3,-0.0259809,0.861556,4.79586,
1479,62,0.3,0.3,-0.0257352,0.858619,4.79586,
1480,63,0.3,0.3,-0.0254863,0.85563,4.79545,
1481,64,0.3,0.3,-0.0252362,0.852641,4.79586,
1482,65,0.3,0.3,-0.0249906,0.849705,4.79586,
1483,66,0.3,0.3,-0.0247417,0.846716,4.79545,
1484,67,0.3,0.3,-0.0244916,0.843727,4.79586,
1485,68,0.3,0.3,-0.0242459,0.84079,4.79586,
1486,69,0.3,0.3,-0.0239971,0.837801,4.79545,
1487,70,0.3,0.3,-0.023747,0.834812,4.79586,
1488,71,0.3,0.3,-0.0235013,0.831875,4.79586,
1489,72,0.3,0.3,-0.0232556,0.828939,4.79586,
1490,73,0.3,0.3,-0.0230012,0.825897,4.79586,
1491,74,0.3,0.3,-0.0227555,0.822961,4.79586,
1492,75,0.3,0.3,-0.0225098,0.820024,4.79586,
1493,76,0.3,0.3,-0.022261,0.817035,4.79545,
1494,77,0.3,0.3,-0.0220109,0.814046,4.79586,
1495,78,0.3,0.3,-0.0217652,0.81111,4.79586,
1496,79,0.3,0.3,-0.0212651,0.805132,4.79586,
1497,80,0.3,0.3,-0.0210194,0.802195,4.79586,
1498,81,0.3,0.3,-0.0207705,0.799206,4.79545,
1499,82,0.3,0.3,-0.0205204,0.796217,4.79586,
1500,83,0.3,0.3,-0.0202748,0.79328,4.79586,
1501,84,0.3,0.3,-0.0200291,0.790344,4.79586,
1502,85,0.3,0.3,-0.0197802,0.787355,4.79545,
1503,86,0.3,0.3,-0.0195301,0.784366,4.79586,
1504,87,0.3,0.3,-0.0192845,0.781429,4.79586,
1505,88,0.3,0.3,-0.0190356,0.77844,4.79545,
1506,89,0.3,0.3,-0.0187855,0.775451,4.79586,
1507,90,0.3,0.3,-0.0185398,0.772515,4.79586,
1508,91,0.3,0.3,-0.018291,0.769526,4.79545,
1509,92,0.3,0.3,-0.0180409,0.766537,4.79586,
1510,93,0.3,0.3,-0.0177952,0.7636,4.79586,
1511,94,0.3,0.3,-0.0175464,0.760611,4.79545,
1512,95,0.3,0.3,-0.0172963,0.757622,4.79586,
1513,96,0.3,0.3,-0.0170506,0.754685,4.79586,
1514,97,0.3,0.3,-0.0168049,0.751749,4.79586,
1515,98,0.3,0.3,-0.0165561,0.74876,4.79545,
1516,99,0.3,0.3,-0.016306,0.745771,4.79586,
1517,100,0.3,0.3,-0.0160603,0.742834,4.79586,
1518,101,0.3,0.3,-0.0158114,0.739845,4.79545,
1519,102,0.3,0.3,-0.0155614,0.736856,4.79586,
1520,103,0.3,0.3,-0.0153157,0.733919,4.79586,
1521,104,0.3,0.3,-0.0150668,0.73093,4.79545,
1522,105,0.3,0.3,-0.0148168,0.727941,4.79586,
1523,106,0.3,0.3,-0.0145711,0.725005,4.79586,
1524,107,0.3,0.3,-0.0143254,0.722068,4.79586,
1525,108,0.3,0.3,-0.0140709,0.719027,4.79586,
1526,109,0.3,0.3,-0.0138252,0.71609,4.79586,
1527,110,0.3,0.3,-0.0135796,0.713154,4.79586,
1528,111,0.3,0.3,-0.0133307,0.710165,4.79545,
1529,112,0.3,0.3,-0.0130806,0.707176,4.79586,
1530,113,0.3,0.3,-0.0128349,0.704239,4.79586,
1531,114,0.3,0.3,-0.0125861,0.70125,4.79545,
1532,115,0.3,0.3,-0.012336,0.698261,4.79586,
1533,116,0.3,0.3,-0.0120903,0.695324,4.79586,
1534,117,0.3,0.3,-0.0118415,0.692335,4.79545,
1535,118,0.3,0.3,-0.0115914,0.689346,4.79586,
1536,119,0.3,0.3,-0.0113457,0.68641,4.79586,
1537,120,0.3,0.3,-0.0111,0.683473,4.79586,
1538,121,0.3,0.3,-0.0108456,0.680432,4.79586,
1539,122,0.3,0.3,-0.0105999,0.677495,4.79586,
1540,123,0.3,0.3,-0.0103542,0.674559,4.79586,
1541,124,0.3,0.3,-0.0101053,0.67157,4.79545,
1542,125,0.3,0.3,-0.00985527,0.668581,4.79586,
1543,126,0.3,0.3,-0.00960958,0.665644,4.79586,
1544,127,0.3,0.3,-0.00936072,0.662655,4.79545,
1545,128,0.3,0.3,-0.00911065,0.659666,4.79586,
1546,129,0.3,0.3,-0.00886497,0.656729,4.79586,
1547,130,0.3,0.3,-0.0086161,0.65374,4.79545,
1548,131,0.3,0.3,-0.00836603,0.650751,4.79586,
1549,132,0.3,0.3,-0.00812035,0.647815,4.79586,
1550,133,0.3,0.3,-0.00787466,0.644878,4.79586,
1551,134,0.3,0.3,-0.00762021,0.641837,4.79586,
1552,135,0.3,0.3,-0.00737452,0.6389,4.79586,
1553,136,0.3,0.3,-0.00712884,0.635964,4.79586,
1554,137,0.3,0.3,-0.00687998,0.632975,4.79545,
1555,138,0.3,0.3,-0.0066299,0.629986,4.79586,
1556,139,0.3,0.3,-0.00638422,0.627049,4.79586,
1557,140,0.3,0.3,-0.00613536,0.62406,4.79545,
1558,141,0.3,0.3,-0.00588529,0.621071,4.79586,
1559,142,0.3,0.3,-0.0056396,0.618134,4.79586,
1560,143,0.3,0.3,-0.00539074,0.615145,4.79545,
1561,144,0.3,0.3,-0.00514067,0.612156,4.79586,
1562,145,0.3,0.3,-0.00489499,0.60922,4.79586,
1563,146,0.3,0.3,-0.0046493,0.606283,4.79586,
1564,147,0.3,0.3,-0.00440044,0.603294,4.79545,
1565,148,0.3,0.3,-0.00415037,0.600305,4.79586,
1566,149,0.3,0.3,-0.00390469,0.597369,4.79586,
1567,150,0.3,0.3,-0.00365582,0.59438,4.79545,
1568,151,0.3,0.3,-0.00340575,0.591391,4.79586,
1569,152,0.3,0.3,-0.00316007,0.588454,4.79586,
1570,153,0.3,0.3,-0.00291121,0.585465,4.79545,
1571,154,0.3,0.3,-0.00266114,0.582476,4.79586,
1572,155,0.3,0.3,-0.00241545,0.579539,4.79586,
1573,156,0.3,0.3,-0.00216659,0.57655,4.79545,
1574,157,0.3,0.3,-0.00191652,0.573561,4.79586,
1575,158,0.3,0.3,-0.00167083,0.570625,4.79586,
1576,159,0.3,0.3,-0.00142515,0.567688,4.79586,
1577,160,0.3,0.3,-0.00117629,0.564699,4.79545,
1578,161,0.3,0.3,-0.000926218,0.56171,4.79586,
1579,162,0.3,0.3,-0.000680534,0.558773,4.79586,
1580,163,0.3,0.3,-0.000431672,0.555784,4.79545,
1581,164,0.3,0.3,-0.000181601,0.552795,4.79586,
1582,165,0.3,0.3,6.40835e-05,0.549859,4.79586,
1583,166,0.3,0.3,0.000312945,0.54687,4.79545,
1584,167,0.3,0.3,0.000563016,0.543881,4.79586,
1585,168,0.3,0.3,0.0008087,0.540944,4.79586,
1586,169,0.3,0.3,0.00105756,0.537955,4.79545,
1587,170,0.3,0.3,0.00130763,0.534966,4.79586,
1588,171,0.3,0.3,0.00155332,0.53203,4.79586,
1589,172,0.3,0.3,0.001799,0.529093,4.79586,
1590,173,0.3,0.3,0.00204786,0.526104,4.79545,
1591,174,0.3,0.3,0.00229793,0.523115,4.79586,
1592,175,0.3,0.3,0.00254362,0.520178,4.79586,
1593,176,0.3,0.3,0.00279248,0.517189,4.79545,
1594,177,0.3,0.3,0.00304255,0.5142,4.79586,
1595,178,0.3,0.3,0.00328824,0.511264,4.79586,
1596,179,0.3,0.3,0.0035371,0.508275,4.79545,
1597,180,0.3,0.3,0.00378717,0.505286,4.79586,
1598,181,0.3,0.3,0.00403285,0.502349,4.79586,
1599,182,0.3,0.3,0.00427854,0.499413,4.79586,
1600,183,0.3,0.3,0.004533,0.496371,4.79586,
1601,184,0.3,0.3,0.00477868,0.493435,4.79586,
1602,185,0.3,0.3,0.00502436,0.490498,4.79586,
1603,186,0.3,0.3,0.00527323,0.487509,4.79545,
1604,187,0.3,0.3,0.0055233,0.48452,4.79586,
1605,188,0.3,0.3,0.00576898,0.481583,4.79586,
1606,189,0.3,0.3,0.00601784,0.478594,4.79545,
1607,190,0.3,0.3,0.00626791,0.475605,4.79586,
1608,191,0.3,0.3,0.0065136,0.472669,4.79586,
1609,192,0.3,0.3,0.00676246,0.46968,4.79545,
1610,193,0.3,0.3,0.00701253,0.466691,4.79586,
1611,194,0.3,0.3,0.00725821,0.463754,4.79586,
1612,195,0.3,0.3,0.0075039,0.460818,4.79586,
1613,196,0.3,0.3,0.00775836,0.457776,4.79586,
1614,197,0.3,0.3,0.00800404,0.45484,4.79586,
1615,198,0.3,0.3,0.00824973,0.451903,4.79586,
1616,199,0.3,0.3,0.00849859,0.448914,4.79545,
1617,200,0.3,0.3,0.00874866,0.445925,4.79586,
1618,201,0.3,0.3,0.00899434,0.442988,4.79586,
1619,202,0.3,0.3,0.0092432,0.439999,4.79545,
1620,203,0.3,0.3,0.00949328,0.43701,4.79586,
1621,204,0.3,0.3,0.00973896,0.434074,4.79586,
1622,205,0.3,0.3,0.00998782,0.431085,4.79545,
1623,206,0.3,0.3,0.0102379,0.428096,4.79586,
1624,207,0.3,0.3,0.0104836,0.425159,4.79586,
1625,208,0.3,0.3,0.0107293,0.422222,4.79586,
1626,209,0.3,0.3,0.0109781,0.419233,4.79545,
1627,210,0.3,0.3,0.0112282,0.416244,4.79586,
1628,211,0.3,0.3,0.0114739,0.413308,4.79586,
1629,212,0.3,0.3,0.0117227,0.410319,4.79545,
1630,213,0.3,0.3,0.0119728,0.40733,4.79586,
1631,214,0.3,0.3,0.0122185,0.404393,4.79586,
1632,215,0.3,0.3,0.0124674,0.401404,4.79545,
1633,216,0.3,0.3,0.0127174,0.398415,4.79586,
1634,217,0.3,0.3,0.0129631,0.395479,4.79586,
1635,218,0.3,0.3,0.013212,0.392489,4.79545,
1636,219,0.3,0.3,0.013462,0.3895,4.79586,
1637,220,0.3,0.3,0.0137077,0.386564,4.79586,
1638,221,0.3,0.3,0.0139534,0.383627,4.79586,
1639,222,0.3,0.3,0.0142023,0.380638,4.79545,
1640,223,0.3,0.3,0.0144523,0.377649,4.79586,
1641,224,0.3,0.3,0.014698,0.374713,4.79586,
1642,225,0.3,0.3,0.0149469,0.371724,4.79545,
1643,226,0.3,0.3,0.015197,0.368735,4.79586,
1644,227,0.3,0.3,0.0154426,0.365798,4.79586,
1645,228,0.3,0.3,0.0156915,0.362809,4.79545,
1646,229,0.3,0.3,0.0159416,0.35982,4.79586,
1647,230,0.3,0.3,0.0161873,0.356883,4.79586,
1648,231,0.3,0.3,0.0164361,0.353894,4.79545,
1649,232,0.3,0.3,0.0166862,0.350905,4.79586,
1650,233,0.3,0.3,0.0169319,0.347969,4.79586,
1651,234,0.3,0.3,0.0171776,0.345032,4.79586,
1652,235,0.3,0.3,0.0174264,0.342043,4.79545,
1653,236,0.3,0.3,0.0176765,0.339054,4.79586,
1654,237,0.3,0.3,0.0179222,0.336118,4.79586,
1655,238,0.3,0.3,0.018171,0.333129,4.79545,
1656,239,0.3,0.3,0.0184211,0.33014,4.79586,
1657,240,0.3,0.3,0.0186668,0.327203,4.79586,
1658,241,0.3,0.3,0.0189157,0.324214,4.79545,
1659,242,0.3,0.3,0.0191657,0.321225,4.79586,
1660,243,0.3,0.3,0.0194114,0.318288,4.79586,
1661,244,0.3,0.3,0.0196571,0.315352,4.79586,
1662,245,0.3,0.3,0.0199116,0.31231,4.79586,
1663,246,0.3,0.3,0.0201572,0.309374,4.79586,
1664,247,0.3,0.3,0.0204029,0.306437,4.79586,
1665,248,0.3,0.3,0.0206518,0.303448,4.79545,
1666,249,0.3,0.3,0.0209019,0.300459,4.79586,
1667,250,0.3,0.3,0.0211475,0.297523,4.79586,
1668,251,0.3,0.3,0.0213964,0.294534,4.79545,
1669,252,0.3,0.3,0.0216465,0.291545,4.79586,
1670,253,0.3,0.3,0.0218922,0.288608,4.79586,
1671,254,0.3,0.3,0.022141,0.285619,4.79545,
1672,255,0.3,0.3,0.0223911,0.28263,4.79586,
1673,256,0.3,0.3,0.0226368,0.279693,4.79586,
1674,257,0.3,0.3,0.0228825,0.276757,4.79586,
1675,258,0.3,0.3,0.0231369,0.273715,4.79586,
1676,259,0.3,0.3,0.0233826,0.270779,4.79586,
1677,260,0.3,0.3,0.0236283,0.267842,4.79586,
1678,261,0.3,0.3,0.0238772,0.264853,4.79545,
1679,262,0.3,0.3,0.0241272,0.261864,4.79586,
1680,263,0.3,0.3,0.0243729,0.258928,4.79586,
1681,264,0.3,0.3,0.0246218,0.255938,4.79545,
1682,265,0.3,0.3,0.0248718,0.252949,4.79586,
1683,266,0.3,0.3,0.0251175,0.250013,4.79586,
1684,267,0.3,0.3,0.0253664,0.247024,4.79545,
1685,268,0.3,0.3,0.0256165,0.244035,4.79586,
1686,269,0.3,0.3,0.0258621,0.241098,4.79586,
1687,270,0.3,0.3,0.0261078,0.238162,4.79586,
1688,271,0.3,0.3,0.0263567,0.235173,4.79545,
1689,272,0.3,0.3,0.0266068,0.232184,4.79586,
1690,273,0.3,0.3,0.0268524,0.229247,4.79586,
1691,274,0.3,0.3,0.0271013,0.226258,4.79545,
1692,275,0.3,0.3,0.0273514,0.223269,4.79586,
1693,276,0.3,0.3,0.0275971,0.220332,4.79586,
1694,277,0.3,0.3,0.0278459,0.217343,4.79545,
1695,278,0.3,0.3,0.028096,0.214354,4.79586,
1696,279,0.3,0.3,0.0283417,0.211418,4.79586,
1697,280,0.3,0.3,0.0285905,0.208429,4.79545,
1698,281,0.3,0.3,0.0288406,0.20544,4.79586,
1699,282,0.3,0.3,0.0290863,0.202503,4.79586,
1700,283,0.3,0.3,0.029332,0.199567,4.79586,
1701,284,0.3,0.3,0.0295808,0.196578,4.79545,
1702,285,0.3,0.3,0.0298309,0.193589,4.79586,
1703,286,0.3,0.3,0.0300766,0.190652,4.79586,
1704,287,0.3,0.3,0.0303255,0.187663,4.79545,
1705,288,0.3,0.3,0.0305755,0.184674,4.79586,
1706,289,0.3,0.3,0.0308212,0.181737,4.79586,
1707,290,0.3,0.3,0.0310701,0.178748,4.79545,
1708,291,0.3,0.3,0.0313201,0.175759,4.79586,
1709,292,0.3,0.3,0.0315658,0.172823,4.79586,
1710,293,0.3,0.3,0.0318147,0.169834,4.79545,
1711,294,0.3,0.3,0.0320648,0.166845,4.79586,
1712,295,0.3,0.3,0.0323104,0.163908,4.79586,
1713,296,0.3,0.3,0.0325561,0.160972,4.79586,
1714,297,0.3,0.3,0.032805,0.157982,4.79545,
1715,298,0.3,0.3,0.0330551,0.154993,4.79586,
1716,299,0.3,0.3,0.0333007,0.152057,4.79586,
1717,300,0.3,0.3,0.0335496,0.149068,4.79545,
1718,301,0.3,0.3,0.0337997,0.146079,4.79586,
1719,302,0.3,0.3,0.0340454,0.143142,4.79586,
1720,303,0.3,0.3,0.0342942,0.140153,4.79545,
1721,304,0.3,0.3,0.0345443,0.137164,4.79586,
1722,305,0.3,0.3,0.03479,0.134228,4.79586,
1723,306,0.3,0.3,0.0350357,0.131291,4.79586,
1724,307,0.3,0.3,0.0352901,0.12825,4.79586,
1725,308,0.3,0.3,0.0355358,0.125313,4.79586,
1726,309,0.3,0.3,0.0357815,0.122376,4.79586,
1727,310,0.3,0.3,0.0360304,0.119387,4.79545,
1728,311,0.3,0.3,0.0362804,0.116398,4.79586,
1729,312,0.3,0.3,0.0365261,0.113462,4.79586,
1730,313,0.3,0.3,0.036775,0.110473,4.79545,
1731,314,0.3,0.3,0.037025,0.107484,4.79586,
1732,315,0.3,0.3,0.0372707,0.104547,4.79586,
1733,316,0.3,0.3,0.0375196,0.101558,4.79545,
1734,317,0.3,0.3,0.0377697,0.0985691,4.79586,
1735,318,0.3,0.3,0.0380153,0.0956326,4.79586,
1736,319,0.3,0.3,0.038261,0.092696,4.79586,
1737,320,0.3,0.3,0.0385155,0.0896546,4.79586,
1738,321,0.3,0.3,0.0387612,0.086718,4.79586,
1739,322,0.3,0.3,0.0390069,0.0837815,4.79586,
1740,323,0.3,0.3,0.0392557,0.0807924,4.79545,
1741,324,0.3,0.3,0.0395058,0.0778034,4.79586,
1742,325,0.3,0.3,0.0397515,0.0748668,4.79586,
1743,326,0.3,0.3,0.0400003,0.0718777,4.79545,
1744,327,0.3,0.3,0.0402504,0.0688887,4.79586,
1745,328,0.3,0.3,0.0404961,0.0659522,4.79586,
1746,329,0.3,0.3,0.0407449,0.0629631,4.79545,
1747,330,0.3,0.3,0.040995,0.0599741,4.79586,
1748,331,0.3,0.3,0.0412407,0.0570376,4.79586,
1749,332,0.3,0.3,0.0414864,0.054101,4.79586,
1750,333,0.3,0.3,0.0417352,0.0511119,4.79545,
1751,334,0.3,0.3,0.0419853,0.0481229,4.79586,
1752,335,0.3,0.3,0.042231,0.0451864,4.79586,
1753,336,0.3,0.3,0.0424799,0.0421973,4.79545,
1754,337,0.3,0.3,0.0427299,0.0392083,4.79586,
1755,338,0.3,0.3,0.0429756,0.0362717,4.79586,
1756,339,0.3,0.3,0.0432245,0.0332826,4.79545,
1757,340,0.3,0.3,0.0434746,0.0302936,4.79586,
1758,341,0.3,0.3,0.0437202,0.0273571,4.79586,
1759,342,0.3,0.3,0.0439691,0.024368,4.79545,
1760,343,0.3,0.3,0.0442192,0.021379,4.79586,
1761,344,0.3,0.3,0.0444649,0.0184424,4.79586,
1762,345,0.3,0.3,0.0447105,0.0155059,4.79586,
1763,346,0.3,0.3,0.0449594,0.0125168,4.79545,
1764,347,0.3,0.3,0.0452095,0.00952779,4.79586,
1765,348,0.3,0.3,0.0454552,0.00659124,4.79586,
1766,349,0.3,0.3,0.045704,0.00360215,4.79545,
1767,350,0.3,0.3,0.0459541,0.000613153,4.79586,
1768,351,0.3,0.3,0.0461998,-0.0023234,4.79586,
1769,352,0.3,0.3,0.0464486,-0.0053125,4.79545,
1770,353,0.3,0.3,0.0466987,-0.00830149,4.79586,
1771,354,0.3,0.3,0.0469444,-0.011238,4.79586,
1772,355,0.3,0.3,0.0471933,-0.0142271,4.79545,
1773,356,0.3,0.3,0.0474433,-0.0172161,4.79586,
1774,357,0.3,0.3,0.047689,-0.0201527,4.79586,
1775,358,0.3,0.3,0.0479347,-0.0230892,4.79586,
1776,359,0.3,0.3,0.0481836,-0.0260783,4.79545,
1777,360,0.3,0.3,0.0484336,-0.0290673,4.79586,
1778,361,0.3,0.3,0.0486793,-0.0320039,4.79586,
1779,362,0.3,0.3,0.0491795,-0.0379819,4.79586,
1780,363,0.3,0.3,0.0494251,-0.0409184,4.79586,
1781,364,0.3,0.3,0.049674,-0.0439075,4.79545,
1782,365,0.3,0.3,0.0499241,-0.0468965,4.79586,
1783,366,0,0,0.0501698,-0.0498331,4.79586,
1784,0,0,0,0.0504154,-0.0527696,4.79586,
1785,1,-0.005,0.005,0.0504154,-0.0527696,4.79586,
1786,2,-0.01,0.01,0.0504154,-0.0527696,4.79586,
1787,3,-0.015,0.015,0.0504154,-0.0527696,4.79586,
1788,4,-0.02,0.02,0.0504198,-0.0528221,4.79626,
1789,5,-0.025,0.025,0.0504243,-0.0528745,4.79667,
1790,6,-0.03,0.03,0.0504243,-0.0528745,4.79829,
1791,7,-0.035,0.035,0.0504243,-0.0528745,4.79991,
1792,8,-0.04,0.04,0.0504243,-0.0528745,4.80234,
1793,9,-0.045,0.045,0.0504243,-0.0528745,4.80476,
1794,10,-0.05,0.05,0.0504243,-0.0528745,4.808,
1795,11,-0.055,0.055,0.0504243,-0.0528745,4.81124,
1796,12,-0.06,0.06,0.0504243,-0.0528745,4.81448,
1797,13,-0.065,0.065,0.0504243,-0.0528745,4.81853,
1798,14,-0.07,0.07,0.0504185,-0.0528222,4.82217,
1799,15,-0.075,0.075,0.0504185,-0.0528222,4.82703,
1800,16,-0.08,0.08,0.0504248,-0.0528744,4.83148,
1801,17,-0.085,0.085,0.0504248,-0.0528744,4.83715,
1802,18,-0.09,0.09,0.0504248,-0.0528744,4.84362,
1803,19,-0.095,0.095,0.0504248,-0.0528744,4.8501,
1804,20,-0.1,0.1,0.0504172,-0.0528224,4.85698,
1805,21,-0.105,0.105,0.0504251,-0.0528744,4.86386,
1806,22,-0.11,0.11,0.0504251,-0.0528744,4.87196,
1807,23,-0.115,0.115,0.0504251,-0.0528744,4.88005,
1808,24,-0.12,0.12,0.0504159,-0.0528226,4.88855,
1809,25,-0.125,0.125,0.0504256,-0.0528743,4.89705,
1810,26,-0.13,0.13,0.0504256,-0.0528743,4.90677,
1811,27,-0.135,0.135,0.0504256,-0.0528743,4.91648,
1812,28,-0.14,0.14,0.0504144,-0.0528229,4.9266,
1813,29,-0.145,0.145,0.0504261,-0.0528742,4.93672,
1814,30,-0.15,0.15,0.0504261,-0.0528742,4.94806,
1815,31,-0.155,0.155,0.0504132,-0.0528232,4.95899,
1816,32,-0.16,0.16,0.0504267,-0.052874,4.97072,
1817,33,-0.165,0.165,0.0504267,-0.052874,4.98287,
1818,34,-0.17,0.17,0.0504267,-0.052874,4.99501,
1819,35,-0.175,0.175,0.0504267,-0.052874,5.00796,
1820,36,-0.18,0.18,0.0504107,-0.0528239,5.02132,
1821,37,-0.185,0.185,0.0504273,-0.0528738,5.03468,
1822,38,-0.19,0.19,0.0504273,-0.0528738,5.04925,
1823,39,-0.195,0.195,0.0504273,-0.0528738,5.06301,
1824,40,-0.2,0.2,0.0504273,-0.0528738,5.0784,
1825,41,-0.205,0.205,0.0504273,-0.0528738,5.09297,
1826,42,-0.21,0.21,0.0504273,-0.0528738,5.10916,
1827,43,-0.215,0.215,0.0504062,-0.0528256,5.12495,
1828,44,-0.22,0.22,0.0504281,-0.0528735,5.14154,
1829,45,-0.225,0.225,0.0504055,-0.052826,5.15814,
1830,46,-0.23,0.23,0.050429,-0.052873,5.17554,
1831,47,-0.235,0.235,0.050429,-0.052873,5.19255,
1832,48,-0.24,0.24,0.050429,-0.052873,5.21117,
1833,49,-0.245,0.245,0.050429,-0.052873,5.22898,
1834,50,-0.25,0.25,0.050429,-0.052873,5.24841,
1835,51,-0.255,0.255,0.050429,-0.052873,5.26703,
1836,52,-0.26,0.26,0.0504004,-0.0528289,5.28686,
1837,53,-0.265,0.265,0.0504298,-0.0528725,5.30669,
1838,54,-0.27,0.27,0.0504298,-0.0528725,5.32693,
1839,55,-0.275,0.275,0.0504298,-0.0528725,5.34798,
1840,56,-0.28,0.28,0.0504298,-0.0528725,5.36903,
1841,57,-0.285,0.285,0.0504298,-0.0528725,5.39008,
1842,58,-0.29,0.29,0.0504298,-0.0528725,5.41275,
1843,59,-0.295,0.295,0.0504298,-0.0528725,5.4346,
1844,60,-0.3,0.3,0.0504298,-0.0528725,5.45727,
1845,61,-0.3,0.3,0.0503933,-0.0528346,5.48035,
1846,62,-0.3,0.3,0.0504307,-0.0528716,5.50342,
1847,63,-0.3,0.3,0.0504307,-0.0528716,5.52609,
1848,64,-0.3,0.3,0.0503916,-0.0528364,5.54916,
1849,65,-0.3,0.3,0.0504323,-0.0528698,5.5949,
1850,66,-0.3,0.3,0.0503909,-0.0528373,5.61797,
1851,67,-0.3,0.3,0.050433,-0.0528688,5.64104,
1852,68,-0.3,0.3,0.050433,-0.0528688,5.66371,
1853,69,-0.3,0.3,0.0503895,-0.0528393,5.68678,
1854,70,-0.3,0.3,0.0504337,-0.0528678,5.70986,
1855,71,-0.3,0.3,0.0504337,-0.0528678,5.73252,
1856,72,-0.3,0.3,0.0504337,-0.0528678,5.75519,
1857,73,-0.3,0.3,0.0503876,-0.0528424,5.77826,
1858,74,-0.3,0.3,0.0504343,-0.0528668,5.80134,
1859,75,-0.3,0.3,0.0504343,-0.0528668,5.82401,
1860,76,-0.3,0.3,0.0503866,-0.0528445,5.84708,
1861,77,-0.3,0.3,0.0504348,-0.0528656,5.87015,
1862,78,-0.3,0.3,0.0504348,-0.0528656,5.89282,
1863,79,-0.3,0.3,0.0503856,-0.0528467,5.91589,
1864,80,-0.3,0.3,0.0504352,-0.0528645,5.93896,
1865,81,-0.3,0.3,0.0504352,-0.0528645,5.96163,
1866,82,-0.3,0.3,0.0503849,-0.052849,5.9847,
1867,83,-0.3,0.3,0.0504355,-0.0528633,6.00778,
1868,84,-0.3,0.3,0.0504355,-0.0528633,6.03044,
1869,85,-0.3,0.3,0.0504355,-0.0528633,6.05311,
1870,86,-0.3,0.3,0.050384,-0.0528525,6.07618,
1871,87,-0.3,0.3,0.0504358,-0.0528622,6.09926,
1872,88,-0.3,0.3,0.0504358,-0.0528622,6.12192,
1873,89,-0.3,0.3,0.0503836,-0.0528549,6.145,
1874,90,-0.3,0.3,0.0504359,-0.0528609,6.16807,
1875,91,-0.3,0.3,0.0504359,-0.0528609,6.19074,
1876,92,-0.3,0.3,0.0503834,-0.0528573,6.21381,
1877,93,-0.3,0.3,0.050436,-0.0528597,6.23688,
1878,94,-0.3,0.3,0.050436,-0.0528597,6.25955,
1879,95,-0.3,0.3,0.0503834,-0.0528597,6.28262,
1880,96,-0.289882,0.289882,0.050436,-0.0528585,6.3057,
1881,97,-0.246899,0.246899,0.050436,-0.0528585,6.32836,
1882,98,-0.195681,0.195681,0.050436,-0.0528585,6.35022,
1883,99,-0.128191,0.128191,0.050436,-0.0528585,6.36965,
1884,100,0,0,0.050436,-0.0528585,6.38422,
1885,0,0,0,0.050436,-0.0528585,6.39394,
